等级	境界	攻击力	攻击距离	触发机率	元气上限	升级等级	消耗金钱	消耗真气	需要道具ID	需要道具个数	成功率	技能1	机率1	技能2	机率2	技能3	机率3	技能4	机率4	技能5	机率5	技能6	机率6
1	浦牢	1000	0	0	5	10	10	10	4060002	1	8000	0	0	0	0	0	0	0	0	0	0	0	0
2	椒图	1500	0	0	5	10	10	10	4060002	1	8000	0	0	0	0	0	0	0	0	0	0	0	0
3	狻猊	2000	0	0	5	10	10	10	4060002	1	7000	0	0	0	0	0	0	0	0	0	0	0	0
4	睚眦	3000	0	0	5	10	10	10	4060002	1	6000	0	0	0	0	0	0	0	0	0	0	0	0
5	螭吻	3500	0	0	5	10	10	10	4060002	1	5000	0	0	0	0	0	0	0	0	0	0	0	0
6	负	4000	0	0	5	10	10	10	4060002	1	4000	0	0	0	0	0	0	0	0	0	0	0	0
7	狴犴	5000	0	0	5	10	10	10	4060002	1	3000	0	0	0	0	0	0	0	0	0	0	0	0
8	霸下	7000	0	0	5	10	10	10	4060002	1	2000	0	0	0	0	0	0	0	0	0	0	0	0
9	双龙	9000	0	0	0	0	0	0	0	0	0	0	0	0	0	0	0	0	0	0	0	0	0
