说明					
1 游戏编号：					
欢乐10点半  ：  1					
三张牌 ： 	2				
2 钱币类型					
元宝：0					
赠宝：1					
金币：2					

3：是否开放(没有配置的分区默认不开放)					
是：1					
否：0

4:
起征 现在是按房间里底金总数
税率 百分之				

游戏编号	分区编号	是否开放	钱币类型	底金	彩金  起征 税收
・	10				
1	1	1	2	100	200	   500		5
1	2	1	2	500	1000	   3000		5
1	3	1	2	1000	2000	   5000		5
1	4	1	2	5000	10000	   5000		5
1	5	1	2	10000	20000	   10000	5
1	6	1	2	20000	50000      10000	5	
1	7	1	2	50000	100000     10000	5
1	8	1	2	100000	200000     50000	5
1	9	1	2	200000	500000     50000	5
1	10	1	2	500000	1000000    50000	5
