ID	HardLevel	LevelLimit	Exp	Tickets	Cost	URL	Layout	MonsterStar	MonsterRank	monster1	monster2	monster3	monster4	monster5	monster6	monster7	monster8	monster9	monster10	monster11	monster12	monster13	monster14	monster15	music	MissionTalk	
Int	Int	Int	Int	Int	Int	String	String	Int	Int	String	String	String	String	String	String	String	String	String	String	String	String	String	String	String	String	String	
100000.000	1.000		30.000	-1.000	6.000	taohuayuan_done	baitian_01	1.000	1.000	1003001.000	1006001.000				1001001.000	1009001.000				1003001.000	1011001.000			1990001.000	ZhanDou_03		
100001.000	1.000		32.000	-1.000	6.000	zhulinzhizhan_done	yewan_02	1.000	1.000	1006002.000	1001002.000				1003002.000	1011002.000				1006002.000	1026002.000	1026002.000		1990002.000	ZhanDou_03	1-2guan	
100002.000	1.000		34.000	-1.000	6.000	hebianjunying_done	yewan_01	1.000	1.000	1001003.000	1003003.000				1006003.000	1006003.000	1011003.000			1001003.000	1009003.000	1009003.000		1990003.000	ZhanDou_01	1-3guan	
100003.000	1.000		36.000	-1.000	6.000	wulinzhizhan_done	yewan_01	1.000	1.000	1003004.000	1006004.000	1009004.000			1001004.000	1009004.000	1026004.000			1003004.000	1011004.000	1011004.000		1990004.000	ZhanDou_02	1-4guan	
100004.000	1.000		38.000	-1.000	6.000	shamo_done	baitian_01	1.000	1.000	1003005.000	1003005.000				1003005.000	1026005.000						1102005.000	1101005.000	1990005.000	ZhanDou_02	1-5guan	
100005.000	1.000		40.000	-1.000	6.000	taohuayuan_done	yewan_03	1.000	1.000	1001006.000	1003006.000	1026006.000			1006006.000	1026006.000	1011006.000	1011006.000		1001006.000	1009006.000	1009006.000	1009006.000	1990006.000	ZhanDou_03	1-6guan	
100006.000	1.000		42.000	-1.000	6.000	hebianjunying_done	baitian_02	1.000	1.000	1001007.000	1009007.000	1011007.000	1011007.000		1001007.000	1009007.000	1026007.000	1026007.000		1003007.000	1011007.000	1011007.000	1011007.000	1990007.000	ZhanDou_01	1-7guan	
100007.000	1.000		44.000	-1.000	6.000	zhulinzhizhan_done	baitian_01	1.000	1.000	1006008.000	1001008.000	1011008.000	1011008.000		1003008.000	1009008.000	1006008.000	1011008.000		1006008.000	1026008.000	1026008.000		1990008.000	ZhanDou_01	1-8guan	
100008.000	1.000		46.000	-1.000	6.000	chengmenzhizhan_done	baitian_04	1.000	1.000	1001009.000	1003009.000	1026009.000	1026009.000		1006009.000	1026009.000	1011009.000			1006009.000	1026009.000	1026009.000		1990009.000	ZhanDou_01	1-9guan	
100009.000	1.000		51.000	-1.000	6.000	wulinzhizhan_done	yewan_01	1.000	2.000	1001010.000	1009010.000	1009010.000			1003010.000	1003010.000	1026010.000			1026010.000	1026010.000		1133010.000	1990010.000	ZhanDou_03	1-10guan	
100010.000	1.000		56.000	-1.000	6.000	zhulinzhizhan_done	baitian_05	1.000	2.000	1003011.000	1003011.000	1023011.000			1015011.000	1015011.000	1015011.000	1023011.000		1026011.000	1026011.000	1026011.000		1990011.000	ZhanDou_01	2-1guan	
100011.000	1.000		61.000	-1.000	6.000	hebianjunying_done	baitian_05	1.000	2.000	1025012.000	1026012.000	1026012.000	1026012.000		1025012.000	1025012.000	1013012.000	1013012.000		1014012.000	1013012.000		1113012.000	1990012.000	ZhanDou_03	2-2guan	
100012.000	1.000		66.000	-1.000	6.000	xiagu_done	yewan_07	1.000	2.000	1005013.000	1010013.000	1010013.000			1005013.000	1005013.000	1010013.000	1010013.000		1013013.000	1013013.000	1003013.000		1990013.000	ZhanDou_01	2-3guan	
100013.000	1.000		71.000	-1.000	6.000	chengmenzhizhan_done	baitian_02	1.000	2.000	1008014.000	1026014.000	1026014.000			1008014.000	1003014.000	1026014.000			1001014.000	1011014.000	1011014.000		1990014.000	ZhanDou_03	2-4guan	
100014.000	1.000		76.000	-1.000	6.000	xiagu_done	baitian_04	1.000	2.000	1018015.000	1011015.000	1011015.000			1001015.000	1001015.000	1026015.000	1026015.000		1020015.000	1023015.000		1135015.000	1990015.000	ZhanDou_02	2-5guan	
100015.000	1.000		81.000	-1.000	6.000	zhulinzhizhan_done	yewan_04	1.000	2.000	1003016.000	1010016.000	1010016.000			1003016.000	1003016.000	1023016.000	1023016.000		1003016.000	1013016.000	1013016.000		1990016.000	ZhanDou_03	2-6guan	
100016.000	1.000		86.000	-1.000	6.000	chengmenzhizhan_done	baitian_04	1.000	2.000	1004017.000	1009017.000	1009017.000			1004017.000	1014017.000	1014017.000			1013017.000	1013017.000	1003017.000		1990017.000	ZhanDou_03	2-7guan	
100017.000	1.000		91.000	-1.000	6.000	taohuayuan_done	yewan_04	1.000	2.000	1018018.000		1016018.000	1016018.000		1005018.000	1010018.000			1135018.000	1021018.000		1026018.000	1120018.000	1990018.000	ZhanDou_02	2-8guan	
100018.000	1.000		96.000	-1.000	6.000	hebianjunying_done	baitian_04	1.000	2.000	1025019.000	1006019.000	1010019.000	1010019.000		1022019.000	1023019.000	1023019.000	1023019.000		1013019.000		1106019.000	1111019.000	1990019.000	ZhanDou_01	2-9guan	
100019.000	1.000		101.000	-1.000	6.000	hebianjunying_done	yewan_01	1.000	3.000	1005020.000	1005020.000	1020020.000	1020020.000		1008020.000	1016020.000				1012020.000		1120020.000	1106020.000	1990020.000	ZhanDou_01	2-10guan	
100020.000	1.000		106.000	-1.000	6.000	chengmenzhizhan_done	baitian_03	2.000	3.000	1006021.000	1026021.000	1026021.000			1001021.000	1001021.000				1014021.000	1014021.000			1990021.000	ZhanDou_02	3-1guan	
100021.000	1.000		111.000	-1.000	6.000	wulinzhizhan_done	yewan_06	2.000	3.000	1021022.000	1021022.000	1020022.000			1027022.000	1020022.000			1106022.000	1009022.000	1009022.000	1009022.000		1990022.000	ZhanDou_03	3-2guan	
100022.000	1.000		116.000	-1.000	6.000	zhulinzhizhan_done	baitian_03	2.000	3.000	1001023.000	1024023.000	1024023.000			1010023.000	1010023.000	1024023.000		1131023.000	1012023.000			1119023.000	1990023.000	ZhanDou_02	3-3guan	
100023.000	1.000		121.000	-1.000	6.000	shamo_done	yewan_04	2.000	3.000	1002024.000	1026024.000	1026024.000	1026024.000		1007024.000	1026024.000	1026024.000	1026024.000		1007024.000	1007024.000	1009024.000	1009024.000	1990024.000	ZhanDou_03	3-4guan	
100024.000	1.000		126.000	-1.000	6.000	zhulinzhizhan_done	yewan_05	2.000	3.000	1022025.000	1026025.000	1026025.000			1006025.000	1026025.000	1026025.000	1026025.000		1026025.000		1026025.000	1111025.000	1990025.000	ZhanDou_03	3-5guan	
100025.000	1.000		131.000	-1.000	6.000	zhulinzhizhan_done	baitian_02	2.000	3.000	1008026.000	1023026.000	1023026.000	1023026.000		1008026.000	1003026.000	1023026.000	1023026.000		1023026.000	1003026.000		1106026.000	1990026.000	ZhanDou_02	3-6guan	
100026.000	1.000		136.000	-1.000	6.000	zhulinzhizhan_done	baitian_03	2.000	3.000	1006027.000	1014027.000	1014027.000			1008027.000	1012027.000	1012027.000			1012027.000	1012027.000		1111027.000	1990027.000	ZhanDou_01	3-7guan	
100027.000	1.000		141.000	-1.000	6.000	taohuayuan_done	yewan_04	2.000	3.000	1021028.000	1003028.000	1009028.000	1009028.000		1003028.000	1009028.000	1009028.000		1113028.000	1021028.000	1003028.000	1009028.000	1009028.000	1990028.000	ZhanDou_01	3-8guan	
100028.000	1.000		146.000	-1.000	6.000	chengmenzhizhan_done	baitian_02	2.000	3.000	1018029.000	1013029.000	1013029.000	1013029.000		1018029.000	1026029.000	1026029.000	1026029.000		1026029.000	1026029.000		1135029.000	1990029.000	ZhanDou_02	3-9guan	
100029.000	1.000		151.000	-1.000	6.000	taohuayuan_done	baitian_02	2.000	3.000	1007030.000	1016030.000	1016030.000	1016030.000		1008030.000	1014030.000	1014030.000			1014030.000	1016030.000	1016030.000	1135030.000	1990030.000	ZhanDou_03	3-10guan	
100030.000	1.000		156.000	-1.000	6.000	wulinzhizhan_done	yewan_01	2.000	3.000	1025031.000	1025031.000	1010031.000	1010031.000		1002031.000	1012031.000	1012031.000	1012031.000		1025031.000	1010031.000		1110031.000	1990031.000	ZhanDou_02	4-1guan	
100031.000	1.000		161.000	-1.000	6.000	zhulinzhizhan_done	baitian_05	2.000	3.000	1004032.000	1009032.000	1009032.000	1009032.000		1004032.000	1014032.000	1014032.000			1009032.000	1009032.000	1004032.000	1009032.000	1990032.000	ZhanDou_03	4-2guan	
100032.000	1.000		166.000	-1.000	6.000	hebianjunying_done	yewan_04	2.000	3.000	1018033.000	1013033.000	1013033.000			1003033.000	1003033.000	1013033.000	1026033.000	1026033.000	1026033.000	1026033.000		1102033.000	1990033.000	ZhanDou_03	4-3guan	
100033.000	1.000		171.000	-1.000	6.000	chengmenzhizhan_done	baitian_03	2.000	3.000	1018034.000	1010034.000	1016034.000	1016034.000		1005034.000	1005034.000	1010034.000			1025034.000	1010034.000		1129034.000	1990034.000	ZhanDou_02	4-4guan	
100034.000	1.000		176.000	-1.000	6.000	xiagu_done	baitian_03	2.000	3.000	1025035.000	1006035.000	1010035.000	1010035.000		1022035.000	1023035.000	1023035.000	1023035.000		1009035.000	1009035.000		1120035.000	1990035.000	ZhanDou_01	4-5guan	
100035.000	1.000		181.000	-1.000	6.000	hebianjunying_done	yewan_01	2.000	3.000	1005036.000	1020036.000	1020036.000	1020036.000		1008036.000	1016036.000	1016036.000			1008036.000	1005036.000	1026036.000	1112036.000	1990036.000	ZhanDou_01	4-6guan	
100036.000	1.000		186.000	-1.000	6.000	wulinzhizhan_done	baitian_01	2.000	3.000	1006037.000	1006037.000	1026037.000	1026037.000		1001037.000	1014037.000		1026037.000	1122037.000	1018037.000	1020037.000		1127037.000	1990037.000	ZhanDou_03	4-7guan	
100037.000	1.000		191.000	-1.000	6.000	shamo_done	yewan_02	2.000	3.000	1021038.000	1020038.000	1020038.000	1012038.000		1027038.000	1027038.000	1012038.000	1012038.000			1143038.000	1108038.000	1131038.000	1990038.000	ZhanDou_02	4-8guan	
100038.000	1.000		196.000	-1.000	6.000	taohuayuan_done	baitian_05	2.000	3.000	1005039.000	1001039.000	1024039.000	1010039.000	1024039.000	1005039.000	1005039.000	1010039.000	1024039.000		1012039.000		1109039.000	1108039.000	1990039.000	ZhanDou_01	4-9guan	
100039.000	1.000		201.000	-1.000	6.000	zhulinzhizhan_done	baitian_01	2.000	4.000	1025040.000	1026040.000	1026040.000	1026040.000		1025040.000	1025040.000	1010040.000	1010040.000		1003040.000	1026040.000	1140040.000	1129040.000	1990040.000	ZhanDou_01	4-10guan	
100040.000	1.000		206.000	-1.000	6.000	shamo_done	yewan_02	2.000	4.000	1022041.000	1022041.000	1026041.000	1026041.000		1006041.000	1006041.000	1014041.000	1014041.000		1006041.000	1014041.000		1111041.000	1990041.000	ZhanDou_03	5-1guan	
100041.000	1.000		211.000	-1.000	6.000	wulinzhizhan_done	yewan_02	2.000	4.000	1008042.000	1011042.000	1011042.000	1011042.000		1008042.000	1010042.000	1011042.000		1110042.000	1020042.000	1020042.000		1129042.000	1990042.000	ZhanDou_03	5-2guan	
100042.000	1.000		216.000	-1.000	6.000	taohuayuan_done	baitian_01	2.000	4.000	1006043.000	1006043.000	1014043.000	1014043.000		1004043.000	1001043.000	1012043.000	1012043.000	1106043.000	1009043.000	1009043.000	1009043.000	1120043.000	1990043.000	ZhanDou_01	5-3guan	
100043.000	1.000		221.000	-1.000	6.000	taohuayuan_done	baitian_04	2.000	4.000	1021044.000	1003044.000	1009044.000	1009044.000	1009044.000	1021044.000	1009044.000	1009044.000		1140044.000	1021044.000	1024044.000		1113044.000	1990044.000	ZhanDou_02	5-4guan	
100044.000	1.000		226.000	-1.000	6.000	hebianjunying_done	baitian_01	2.000	4.000	1018045.000	1013045.000	1013045.000			1018045.000	1026045.000	1026045.000		1102045.000	1026045.000	1026045.000	1026045.000	1101045.000	1990045.000	ZhanDou_02	5-5guan	
100045.000	1.000		230.000	-1.000	6.000	hebianjunying_done	yewan_01	2.000	4.000	1007046.000	1007046.000	1016046.000	1016046.000		1018046.000	1014046.000	1016046.000		1103046.000	1021046.000	1016046.000		1137046.000	1990046.000	ZhanDou_03	5-6guan	
100046.000	1.000		230.000	-1.000	6.000	xiagu_done	yewan_03	2.000	4.000	1025047.000		1010047.000	1010047.000	1012047.000	1002047.000	1012047.000	1012047.000		1104047.000	1016047.000	1012047.000		1133047.000	1990047.000	ZhanDou_01	5-7guan	
100047.000	1.000		230.000	-1.000	6.000	chengmenzhizhan_done	baitian_02	2.000	4.000	1018048.000	1013048.000	1013048.000	1013048.000		1018048.000	1026048.000	1026048.000	1026048.000		1026048.000	1026048.000		1141048.000	1990048.000	ZhanDou_01	5-8guan	
100048.000	1.000		230.000	-1.000	6.000	zhulinzhizhan_done	baitian_01	2.000	4.000	1007049.000	1007049.000	1016049.000	1016049.000		1008049.000	1014049.000	1014049.000				1009049.000	1138049.000	1117049.000	1990049.000	ZhanDou_01	5-9guan	
100049.000	1.000		230.000	-1.000	6.000	wulinzhizhan_done	baitian_03	2.000	4.000	1025050.000	1025050.000	1010050.000	1010050.000		1004050.000		1012050.000	1013050.000			1010050.000	1010050.000	1117050.000	1990050.000	ZhanDou_03	5-10guan	
100050.000	1.000	14.000	231.000	-1.000	6.000	shamo_done	baitian_02	2.000	4.000	1004051.000	1009051.000	1009051.000	1009051.000		1004051.000	1014051.000	1014051.000			1009051.000	1009051.000	1007051.000	1137051.000	1990051.000	ZhanDou_01	6-1guan	
100051.000	1.000		231.000	-1.000	6.000	shamo_done	baitian_03	2.000	4.000	1006052.000	1026052.000	1026052.000	1026052.000		1018052.000	1013052.000	1013052.000			1010052.000	1026052.000	1026052.000	1133052.000	1990052.000	ZhanDou_03	6-2guan	
100052.000	1.000		231.000	-1.000	6.000	chengmenzhizhan_done	baitian_02	2.000	4.000	1021053.000	1020053.000	1020053.000	1020053.000		1027053.000	1013053.000	1013053.000	1013053.000		1013053.000	1013053.000	1026053.000	1101053.000	1990053.000	ZhanDou_01	6-3guan	
100053.000	1.000		231.000	-1.000	6.000	wulinzhizhan_done	baitian_03	2.000	4.000	1004054.000	1001054.000	1024054.000	1024054.000		1004054.000	1001054.000	1010054.000	1010054.000			1013054.000	1010054.000	1118054.000	1990054.000	ZhanDou_03	6-4guan	
100054.000	1.000		231.000	-1.000	6.000	xiagu_done	yewan_01	2.000	4.000	1002055.000	1026055.000	1026055.000	1026055.000		1026055.000	1026055.000	1026055.000		1141055.000	1026055.000	1014055.000	1026055.000	1122055.000	1990055.000	ZhanDou_02	6-5guan	
100055.000	1.000		231.000	-1.000	6.000	zhulinzhizhan_done	yewan_02	2.000	4.000	1022056.000	1026056.000	1026056.000	1026056.000		1006056.000	1006056.000	1026056.000	1026056.000		1006056.000	1024056.000	1024056.000	1118056.000	1990056.000	ZhanDou_03	6-6guan	
100056.000	1.000		231.000	-1.000	6.000	zhulinzhizhan_done	baitian_03	2.000	4.000	1008057.000	1023057.000	1023057.000	1023057.000		1008057.000	1003057.000	1023057.000	1023057.000		1013057.000	1013057.000		1133057.000	1990057.000	ZhanDou_03	6-7guan	
100057.000	1.000		231.000	-1.000	6.000	wulinzhizhan_done	baitian_03	2.000	4.000	1006058.000	1014058.000	1014058.000			1008058.000	1012058.000	1012058.000		1130058.000		1023058.000	1023058.000	1117058.000	1990058.000	ZhanDou_02	6-8guan	
100058.000	1.000		231.000	-1.000	6.000	hebianjunying_done	baitian_01	2.000	4.000	1021059.000	1021059.000	1009059.000	1020059.000		1021059.000	1003059.000	1009059.000	1020059.000	1009059.000	1020059.000	1003059.000		1117059.000	1990059.000	ZhanDou_01	6-9guan	
100059.000	1.000		231.000	-1.000	6.000	wulinzhizhan_done	baitian_04	2.000	5.000	1018060.000		1013060.000	1013060.000		1018060.000	1026060.000	1026060.000			1026060.000		1117060.000	1138060.000	1990060.000	ZhanDou_01	6-10guan	
100060.000	1.000		232.000	-1.000	6.000	wulinzhizhan_done	baitian_03	3.000	5.000	1027061.000	1013061.000	1013061.000			1003061.000	1027061.000	1026061.000		1104061.000	1026061.000	1026061.000		1101061.000	1990061.000	ZhanDou_03	7-1guan	
100061.000	1.000		232.000	-1.000	6.000	taohuayuan_done	baitian_02	3.000	5.000	1021062.000	1020062.000				1027062.000	1012062.000	1012062.000			1004062.000	1001062.000		1129062.000	1990062.000	ZhanDou_03	7-2guan	
100062.000	1.000		232.000	-1.000	6.000	chengmenzhizhan_done	yewan_03	3.000	5.000	1007063.000	1024063.000	1024063.000			1004063.000	1010063.000	1010063.000		1107063.000	1013063.000			1140063.000	1990063.000	ZhanDou_03	7-3guan	
100063.000	1.000		232.000	-1.000	6.000	xiagu_done	baitian_04	3.000	5.000	1022064.000	1026064.000	1026064.000	1026064.000		1007064.000	1011064.000	1011064.000	1011064.000		1011064.000	1011064.000	1120064.000	1140064.000	1990064.000	ZhanDou_03	7-4guan	
100064.000	1.000		232.000	-1.000	6.000	wulinzhizhan_done	baitian_03	3.000	5.000	1022065.000	1026065.000	1026065.000	1026065.000		1004065.000	1026065.000	1026065.000	1026065.000		1001065.000	1016065.000		1117065.000	1990065.000	ZhanDou_02	7-5guan	
100065.000	1.000		232.000	-1.000	6.000	chengmenzhizhan_done	yewan_04	3.000	5.000	1008066.000	1023066.000	1023066.000	1023066.000		1007066.000	1003066.000	1023066.000	1023066.000	1023066.000	1014066.000	1003066.000	1113066.000	1107066.000	1990066.000	ZhanDou_01	7-6guan	
100066.000	1.000		232.000	-1.000	6.000	zhulinzhizhan_done	baitian_02	3.000	5.000	1006067.000	1006067.000	1012067.000	1014067.000		1008067.000	1012067.000	1012067.000	1012067.000		1003067.000	1026067.000	1026067.000	1117067.000	1990067.000	ZhanDou_01	7-7guan	
100067.000	1.000		232.000	-1.000	6.000	shamo_done	baitian_02	3.000	5.000	1021068.000	1021068.000	1009068.000	1009068.000		1002068.000	1002068.000	1009068.000	1009068.000	1105068.000	1001068.000	1011068.000	1011068.000	1138068.000	1990068.000	ZhanDou_01	7-8guan	
100068.000	1.000		232.000	-1.000	6.000	shamo_done	yewan_03	3.000	5.000	1018069.000	1013069.000	1013069.000	1013069.000		1018069.000	1026069.000	1026069.000	1026069.000		1009069.000		1113069.000	1117069.000	1990069.000	ZhanDou_01	7-9guan	
100069.000	1.000		232.000	-1.000	6.000	wulinzhizhan_done	baitian_01	3.000	6.000	1007070.000	1007070.000	1010070.000	1010070.000		1008070.000	1003070.000	1010070.000	1014070.000		1003070.000		1113070.000	1107070.000	1990070.000	ZhanDou_02	7-10guan	
100070.000	1.000		233.000	-1.000	6.000	taohuayuan_done	baitian_02	3.000	6.000	1022071.000	1009071.000	1009071.000	1012071.000		1007071.000	1009071.000	1012071.000	1012071.000		1005071.000	1129071.000	1105071.000	1108071.000	1990071.000	ZhanDou_01	8-1guan	
100071.000	1.000		233.000	-1.000	6.000	zhulinzhizhan_done	baitian_04	3.000	6.000	1018072.000	1024072.000	1024072.000	1024072.000		1027072.000	1009072.000	1012072.000	1009072.000		1027072.000	1027072.000	1110072.000	1129072.000	1990072.000	ZhanDou_03	8-2guan	
100072.000	1.000		233.000	-1.000	6.000	wulinzhizhan_done	yewan_03	3.000	6.000	1021073.000	1008073.000	1024073.000	1024073.000		1008073.000	1012073.000	1012073.000	1012073.000		1021073.000	1012073.000	1110073.000	1120073.000	1990073.000	ZhanDou_02	8-3guan	
100073.000	1.000	29.000	233.000	-1.000	6.000	wulinzhizhan_done	yewan_02	3.000	6.000	1004074.000	1004074.000	1012074.000	1009074.000		1004074.000	1001074.000	1012074.000	1012074.000		1012074.000	1009074.000	1113074.000	1117074.000	1990074.000	ZhanDou_03	8-4guan	
100074.000	1.000		233.000	-1.000	6.000	zhulinzhizhan_done	baitian_03	3.000	6.000	1018075.000	1018075.000	1009075.000	1009075.000		1021075.000	1021075.000	1009075.000	1009075.000	1125075.000	1009075.000	1009075.000	1012075.000	1108075.000	1990075.000	ZhanDou_02	8-5guan	
100075.000	1.000		233.000	-1.000	6.000	taohuayuan_done	yewan_01	3.000	6.000	1021076.000	1015076.000	1023076.000	1023076.000	1023076.000	1021076.000	1015076.000	1013076.000	1013076.000		1003076.000	1013076.000	1108076.000	1105076.000	1990076.000	ZhanDou_03	8-6guan	
100076.000	1.000		233.000	-1.000	6.000	wulinzhizhan_done	yewan_06	3.000	6.000	1004077.000	1004077.000	1012077.000	1012077.000		1021077.000	1003077.000	1024077.000	1024077.000		1012077.000	1140077.000	1120077.000	1113077.000	1990077.000	ZhanDou_03	8-7guan	
100077.000	1.000		233.000	-1.000	6.000	xiagu_done	baitian_01	3.000	6.000	1027078.000	1013078.000	1013078.000	1013078.000		1003078.000	1026078.000	1026078.000		1113078.000	1004078.000		1016078.000	1129078.000	1990078.000	ZhanDou_02	8-8guan	
100078.000	1.000		233.000	-1.000	6.000	xiagu_done	yewan_02	3.000	6.000	1022079.000	1026079.000	1026079.000	1026079.000		1007079.000	1003079.000	1023079.000	1023079.000		1022079.000		1010079.000	1120079.000	1990079.000	ZhanDou_01	8-9guan	
100079.000	1.000		233.000	-1.000	6.000	xiagu_done	baitian_03	3.000	6.000	1003080.000	1003080.000	1011080.000	1011080.000		1018080.000		1023080.000	1023080.000		1012080.000	1112080.000	1120080.000	1113080.000	1990080.000	ZhanDou_01	8-10guan	
100080.000	1.000		234.000	-1.000	6.000	taohuayuan_done	baitian_01	3.000	6.000	1022081.000	1026081.000	1026081.000	1026081.000		1006081.000	1006081.000	1014081.000		1137081.000	1021081.000	1013081.000		1130081.000	1990081.000	ZhanDou_03	9-1guan	
100081.000	1.000		234.000	-1.000	6.000	chengmenzhizhan_done	yewan_02	3.000	6.000	1008082.000	1011082.000	1011082.000	1011082.000		1008082.000	1010082.000	1010082.000	1011082.000		1010082.000		1111082.000	1115082.000	1990082.000	ZhanDou_03	9-2guan	
100082.000	1.000		234.000	-1.000	6.000	hebianjunying_done	baitian_01	3.000	6.000	1006083.000	1006083.000	1012083.000	1014083.000		1004083.000	1012083.000	1012083.000		1127083.000	1007083.000	1026083.000		1131083.000	1990083.000	ZhanDou_01	9-3guan	
100083.000	1.000		234.000	-1.000	6.000	hebianjunying_done	yewan_03	3.000	6.000	1021084.000	1021084.000	1009084.000	1009084.000		1021084.000	1021084.000	1009084.000	1009084.000		1001084.000	1021084.000	1133084.000	1127084.000	1990084.000	ZhanDou_02	9-4guan	
100084.000	1.000		234.000	-1.000	6.000	zhulinzhizhan_done	baitian_02	3.000	6.000	1018085.000	1013085.000	1013085.000	1013085.000		1018085.000	1026085.000	1026085.000	1026085.000		1018085.000	1026085.000	1110085.000	1140085.000	1990085.000	ZhanDou_02	9-5guan	
100085.000	1.000		234.000	-1.000	6.000	taohuayuan_done	baitian_03	3.000	6.000	1007086.000	1016086.000	1016086.000	1016086.000		1018086.000	1014086.000	1014086.000	1016086.000		1018086.000	1105086.000	1131086.000	1143086.000	1990086.000	ZhanDou_03	9-6guan	
100086.000	1.000		234.000	-1.000	6.000	hebianjunying_done	yewan_05	3.000	6.000	1025087.000	1025087.000	1010087.000	1010087.000		1002087.000	1012087.000	1012087.000	1012087.000		1014087.000	1002087.000	1125087.000	1105087.000	1990087.000	ZhanDou_01	9-7guan	
100087.000	1.000		234.000	-1.000	6.000	chengmenzhizhan_done	baitian_02	3.000	6.000	1018088.000	1018088.000	1013088.000	1013088.000		1018088.000	1026088.000	1026088.000	1026088.000		1013088.000	1013088.000	1119088.000	1131088.000	1990088.000	ZhanDou_01	9-8guan	
100088.000	1.000		234.000	-1.000	6.000	hebianjunying_done	baitian_04	3.000	6.000	1004089.000	1004089.000	1010089.000	1012089.000		1008089.000	1014089.000	1014089.000			1012089.000	1012089.000	1119089.000	1131089.000	1990089.000	ZhanDou_01	9-9guan	
100089.000	1.000		234.000	-1.000	6.000	taohuayuan_done	baitian_04	3.000	7.000	1027090.000	1012090.000	1010090.000	1010090.000		1004090.000	1002090.000	1023090.000	1023090.000		1002090.000	1023090.000	1127090.000	1103090.000	1990090.000	ZhanDou_03	9-10guan	
100090.000	1.000		235.000	-1.000	6.000	zhulinzhizhan_done	yewan_02	4.000	7.000	1007091.000	1007091.000	1020091.000	1020091.000		1007091.000	1023091.000	1023091.000		1109091.000	1007091.000	1010091.000	1010091.000	1135091.000	1990091.000	ZhanDou_01	10-1guan	
100091.000	1.000	39.000	235.000	-1.000	6.000	shamo_done	baitian_02	4.000	7.000	1025092.000	1025092.000	1026092.000	1026092.000		1006092.000	1026092.000	1026092.000	1026092.000		1014092.000	1014092.000	1026092.000	1117092.000	1990092.000	ZhanDou_03	10-2guan	
100092.000	1.000		235.000	-1.000	6.000	hebianjunying_done	yewan_03	4.000	7.000	1005093.000	1024093.000	1010093.000	1010093.000		1008093.000	1024093.000	1024093.000		1138093.000	1024093.000	1024093.000	1010093.000	1118093.000	1990093.000	ZhanDou_01	10-3guan	
100093.000	1.000		235.000	-1.000	6.000	xiagu_done	baitian_02	4.000	7.000	1004094.000	1004094.000	1011094.000	1013094.000	1013094.000	1021094.000	1021094.000	1013094.000	1013094.000	1013094.000	1004094.000	1013094.000	1113094.000	1129094.000	1990094.000	ZhanDou_03	10-4guan	
100094.000	1.000		235.000	-1.000	6.000	hebianjunying_done	baitian_02	4.000	7.000	1022095.000	1022095.000	1026095.000	1026095.000	1026095.000	1004095.000	1026095.000	1026095.000	1026095.000	1112095.000	1004095.000	1026095.000	1026095.000	1120095.000	1990095.000	ZhanDou_02	10-5guan	
100095.000	1.000		235.000	-1.000	6.000	zhulinzhizhan_done	yewan_01	4.000	7.000	1008096.000	1023096.000	1023096.000	1023096.000		1007096.000	1003096.000	1023096.000	1023096.000	1140096.000	1004096.000	1023096.000	1014096.000	1014096.000	1990096.000	ZhanDou_03	10-6guan	
100096.000	1.000		235.000	-1.000	6.000	zhulinzhizhan_done	baitian_02	4.000	7.000	1008097.000	1006097.000	1014097.000	1014097.000		1008097.000	1012097.000	1012097.000	1012097.000	1012097.000	1010097.000	1010097.000	1144097.000	1120097.000	1990097.000	ZhanDou_03	10-7guan	
100097.000	1.000		235.000	-1.000	6.000	shamo_done	baitian_03	4.000	7.000	1021098.000	1021098.000	1010098.000	1010098.000	1010098.000	1002098.000	1002098.000	1009098.000	1009098.000		1007098.000	1010098.000	1113098.000	1144098.000	1990098.000	ZhanDou_02	10-8guan	
100098.000	1.000		235.000	-1.000	6.000	zhulinzhizhan_done	yewan_04	4.000	7.000	1018099.000	1013099.000	1013099.000	1013099.000		1018099.000	1018099.000	1026099.000	1026099.000	1026099.000	1027099.000	1026099.000	1108099.000	1125099.000	1990099.000	ZhanDou_01	10-9guan	
100099.000	1.000		235.000	-1.000	6.000	shamo_done	baitian_05	4.000	8.000	1007100.000	1007100.000	1010100.000	1010100.000	1013100.000	1008100.000	1003100.000	1013100.000	1014100.000	1014100.000	1004100.000	1004100.000	1107100.000	1144100.000	1990100.000	ZhanDou_01	10-10guan	
100100.000	1.000	46.000	236.000	-1.000	6.000	wulinzhizhan_done	yewan_06	4.000	8.000	1006101.000	1006101.000	1026101.000	1026101.000	1026101.000	1021101.000	1021101.000	1026101.000	1026101.000	1026101.000	1012101.000	1021101.000	1122101.000	1143101.000	1990101.000	ZhanDou_02	11-1guan	
100101.000	1.000		236.000	-1.000	6.000	taohuayuan_done	baitian_05	4.000	8.000	1004102.000	1021102.000	1020102.000	1020102.000		1004102.000	1004102.000	1020102.000	1020102.000	1020102.000	1018102.000	1021102.000	1109102.000	1104102.000	1990102.000	ZhanDou_03	11-2guan	
100102.000	1.000		236.000	-1.000	6.000	zhulinzhizhan_done	yewan_03	4.000	8.000	1021103.000	1004103.000	1024103.000	1024103.000	1024103.000	1004103.000	1004103.000	1010103.000	1010103.000		1004103.000	1024103.000	1137103.000	1104103.000	1990103.000	ZhanDou_02	11-3guan	
100103.000	1.000		236.000	-1.000	6.000	shamo_done	baitian_04	4.000	8.000	1002104.000	1002104.000	1026104.000	1026104.000	1026104.000	1007104.000	1007104.000	1026104.000	1026104.000	1026104.000	1007104.000	1026104.000	1143104.000	1119104.000	1990104.000	ZhanDou_03	11-4guan	
100104.000	1.000		236.000	-1.000	6.000	xiagu_done	yewan_02	4.000	8.000	1022105.000	1022105.000	1026105.000	1026105.000	1026105.000	1022105.000	1023105.000	1023105.000	1023105.000	1141105.000	1014105.000	1014105.000	1102105.000	1121105.000	1990105.000	ZhanDou_03	11-5guan	
100105.000	1.000		236.000	-1.000	6.000	zhulinzhizhan_done	baitian_03	4.000	8.000	1008106.000	1023106.000	1024106.000	1024106.000		1008106.000	1003106.000	1024106.000	1024106.000		1014106.000		1133106.000	1135106.000	1990106.000	ZhanDou_02	11-6guan	
100106.000	1.000		236.000	-1.000	6.000	zhulinzhizhan_done	baitian_01	4.000	8.000	1008107.000		1014107.000	1014107.000	1013107.000	1008107.000	1008107.000	1012107.000	1012107.000	1014107.000	1013107.000	1013107.000	1137107.000	1142107.000	1990107.000	ZhanDou_01	11-7guan	
100107.000	1.000		236.000	-1.000	6.000	hebianjunying_done	yewan_02	4.000	8.000	1008108.000	1008108.000	1009108.000	1009108.000	1009108.000	1018108.000	1018108.000	1009108.000	1009108.000	1009108.000	1021108.000	1009108.000	1112108.000	1140108.000	1990108.000	ZhanDou_01	11-8guan	
100108.000	1.000		236.000	-1.000	6.000	wulinzhizhan_done	baitian_04	4.000	8.000	1018109.000	1013109.000	1013109.000	1013109.000		1018109.000	1026109.000	1026109.000	1026109.000		1020109.000	1020109.000	1110109.000	1111109.000	1990109.000	ZhanDou_02	11-9guan	
100109.000	1.000		236.000	-1.000	6.000	taohuayuan_done	baitian_02	4.000	8.000	1007110.000	1007110.000	1016110.000	1016110.000		1008110.000	1014110.000	1014110.000			1007110.000	1109110.000	1119110.000	1122110.000	1990110.000	ZhanDou_03	11-10guan	
100110.000	1.000		237.000	-1.000	6.000	wulinzhizhan_done	baitian_05	4.000	8.000	1027111.000	1027111.000	1024111.000	1024111.000		1027111.000		1014111.000	1010111.000		1010111.000	1027111.000	1129111.000	1140111.000	1990111.000	ZhanDou_02	12-1guan	
100111.000	1.000		237.000	-1.000	6.000	hebianjunying_done	yewan_03	4.000	8.000	1022112.000	1012112.000	1012112.000			1007112.000		1012112.000	1009112.000	1012112.000	1025112.000		1105112.000	1119112.000	1990112.000	ZhanDou_03	12-2guan	
100112.000	1.000		237.000	-1.000	6.000	hebianjunying_done	baitian_04	4.000	8.000	1018113.000	1024113.000	1024113.000	1024113.000		1027113.000	1012113.000	1012113.000	1012113.000		1022113.000		1107113.000	1140113.000	1990113.000	ZhanDou_03	12-3guan	
100113.000	1.000		237.000	-1.000	6.000	taohuayuan_done	baitian_04	4.000	8.000	1021114.000	1021114.000	1013114.000	1013114.000		1008114.000	1012114.000	1012114.000	1012114.000		1012114.000		1113114.000	1129114.000	1990114.000	ZhanDou_02	12-4guan	
100114.000	1.000		237.000	-1.000	6.000	xiagu_done	baitian_01	4.000	8.000	1004115.000	1009115.000	1009115.000	1009115.000		1007115.000		1012115.000		1103115.000	1009115.000	1009115.000	1101115.000	1141115.000	1990115.000	ZhanDou_01	12-5guan	
100115.000	1.000		237.000	-1.000	6.000	shamo_done	baitian_03	4.000	8.000	1018116.000	1018116.000	1009116.000	1009116.000		1021116.000	1023116.000	1023116.000		1141116.000	1012116.000		1133116.000	1102116.000	1990116.000	ZhanDou_01	12-6guan	
100116.000	1.000		237.000	-1.000	6.000	xiagu_done	baitian_03	4.000	8.000	1015117.000	1015117.000	1023117.000	1023117.000		1021117.000		1013117.000	1013117.000		1024117.000	1024117.000	1130117.000	1107117.000	1990117.000	ZhanDou_03	12-7guan	
100117.000	1.000		237.000	-1.000	6.000	hebianjunying_done	yewan_03	4.000	8.000	1004118.000	1012118.000	1012118.000			1021118.000	1003118.000	1024118.000	1024118.000		1007118.000	1007118.000	1110118.000	1144118.000	1990118.000	ZhanDou_02	12-8guan	
100118.000	1.000		237.000	-1.000	6.000	taohuayuan_done	baitian_02	4.000	8.000	1027119.000	1013119.000	1013119.000	1013119.000		1003119.000	1026119.000	1026119.000	1026119.000		1014119.000	1014119.000	1112119.000	1120119.000	1990119.000	ZhanDou_01	12-9guan	
100119.000	1.000		237.000	-1.000	6.000	shamo_done	baitian_01	4.000	9.000	1022120.000	1026120.000	1026120.000	1026120.000		1007120.000	1003120.000	1023120.000	1023120.000		1010120.000	1023120.000	1120120.000	1117120.000	1990120.000	ZhanDou_01	12-10guan	
100120.000	1.000		238.000	-1.000	6.000	xiagu_done	baitian_01	5.000	9.000	1022121.000	1012121.000	1014121.000	1014121.000		1007121.000	1012121.000	1012121.000	1024121.000		1021121.000		1107121.000	1112121.000	1990121.000	ZhanDou_03	13-1guan	
100121.000	1.000		238.000	-1.000	6.000	zhulinzhizhan_done	yewan_01	5.000	9.000	1018122.000	1024122.000	1024122.000	1024122.000		1027122.000		1012122.000	1012122.000		1004122.000		1129122.000	1140122.000	1990122.000	ZhanDou_03	13-2guan	
100122.000	1.000		238.000	-1.000	6.000	hebianjunying_done	baitian_01	5.000	9.000	1021123.000	1008123.000	1024123.000			1008123.000	1001123.000	1012123.000	1012123.000		1027123.000		1118123.000	1112123.000	1990123.000	ZhanDou_01	13-3guan	
100123.000	1.000		238.000	-1.000	6.000	wulinzhizhan_done	baitian_06	5.000	9.000	1005124.000	1010124.000	1010124.000			1002124.000	1001124.000	1012124.000		1112124.000	1012124.000	1024124.000	1024124.000	1117124.000	1990124.000	ZhanDou_02	13-4guan	
100124.000	1.000		238.000	-1.000	6.000	hebianjunying_done	yewan_03	5.000	9.000	1018125.000	1023125.000	1023125.000	1023125.000		1021125.000	1023125.000	1010125.000	1010125.000			1010125.000	1127125.000	1103125.000	1990125.000	ZhanDou_02	13-5guan	
100125.000	1.000		238.000	-1.000	6.000	wulinzhizhan_done	yewan_01	5.000	9.000	1025126.000	1025126.000	1013126.000	1013126.000		1021126.000	1013126.000	1013126.000	1013126.000		1010126.000		1105126.000	1108126.000	1990126.000	ZhanDou_03	13-6guan	
100126.000	1.000		238.000	-1.000	6.000	hebianjunying_done	yewan_03	5.000	9.000	1004127.000	1012127.000	1012127.000			1021127.000	1003127.000	1024127.000	1024127.000		1004127.000	1013127.000		1129127.000	1990127.000	ZhanDou_01	13-7guan	
100127.000	1.000	57.000	238.000	-1.000	6.000	chengmenzhizhan_done	baitian_03	5.000	9.000	1027128.000	1013128.000	1013128.000			1002128.000	1026128.000	1026128.000	1026128.000		1004128.000	1013128.000		1125128.000	1990128.000	ZhanDou_01	13-8guan	
100128.000	1.000		238.000	-1.000	6.000	xiagu_done	baitian_01	5.000	9.000	1022129.000	1026129.000	1026129.000	1011129.000		1007129.000	1003129.000	1023129.000	1023129.000		1018129.000	1010129.000	1125129.000	1105129.000	1990129.000	ZhanDou_01	13-9guan	
100129.000	1.000		238.000	-1.000	6.000	taohuayuan_done	baitian_04	5.000	9.000	1005130.000	1005130.000	1010130.000	1010130.000		1018130.000		1023130.000	1023130.000		1012130.000	1108130.000	1122130.000	1109130.000	1990130.000	ZhanDou_03	13-10guan	
100130.000	1.000		239.000	-1.000	6.000	hebianjunying_done	baitian_04	5.000	9.000	1022131.000	1026131.000	1026131.000	1026131.000		1027131.000	1014131.000	1014131.000		1108131.000	1004131.000	1012131.000		1109131.000	1990131.000	ZhanDou_01	14-1guan	
100131.000	1.000		239.000	-1.000	6.000	wulinzhizhan_done	yewan_01	5.000	9.000	1008132.000	1011132.000	1011132.000	1011132.000		1003132.000	1010132.000	1010132.000		1111132.000	1027132.000	1012132.000		1127132.000	1990132.000	ZhanDou_03	14-2guan	
100132.000	1.000		239.000	-1.000	6.000	hebianjunying_done	yewan_03	5.000	9.000	1006133.000	1014133.000	1014133.000			1004133.000	1012133.000	1012133.000	1014133.000		1002133.000		1122133.000	1109133.000	1990133.000	ZhanDou_01	14-3guan	
100133.000	1.000		239.000	-1.000	6.000	shamo_done	baitian_05	5.000	9.000	1021134.000	1001134.000	1009134.000	1009134.000		1007134.000	1025134.000	1010134.000	1010134.000		1014134.000	1014134.000	1131134.000	1125134.000	1990134.000	ZhanDou_03	14-4guan	
100134.000	1.000		239.000	-1.000	6.000	zhulinzhizhan_done	baitian_01	5.000	9.000	1018135.000	1013135.000	1013135.000	1013135.000		1018135.000	1012135.000	1026135.000	1024135.000		1007135.000		1108135.000	1105135.000	1990135.000	ZhanDou_02	14-5guan	
100135.000	1.000		239.000	-1.000	6.000	taohuayuan_done	yewan_02	5.000	9.000	1007136.000	1007136.000	1016136.000	1016136.000		1018136.000	1018136.000	1016136.000	1014136.000		1014136.000	1131136.000	1138136.000	1118136.000	1990136.000	ZhanDou_03	14-6guan	
100136.000	1.000		239.000	-1.000	6.000	zhulinzhizhan_done	baitian_03	5.000	9.000	1025137.000	1025137.000	1010137.000	1010137.000		1002137.000		1012137.000	1012137.000	1013137.000	1013137.000	1002137.000	1125137.000	1108137.000	1990137.000	ZhanDou_03	14-7guan	
100137.000	1.000		239.000	-1.000	6.000	hebianjunying_done	yewan_02	5.000	9.000	1018138.000	1013138.000	1013138.000	1013138.000		1018138.000	1026138.000	1026138.000	1026138.000		1024138.000	1125138.000	1131138.000	1143138.000	1990138.000	ZhanDou_02	14-8guan	
100138.000	1.000		239.000	-1.000	6.000	taohuayuan_done	yewan_01	5.000	9.000	1004139.000	1004139.000	1010139.000	1010139.000		1008139.000	1008139.000	1016139.000	1016139.000	1127139.000	1024139.000	1014139.000	1141139.000	1103139.000	1990139.000	ZhanDou_01	14-9guan	
100139.000	1.000		239.000	-1.000	6.000	wulinzhizhan_done	baitian_04	5.000	10.000	1027140.000	1027140.000	1010140.000	1010140.000		1004140.000	1004140.000	1016140.000	1016140.000	1125140.000	1012140.000	1119140.000	1122140.000	1105140.000	1990140.000	ZhanDou_01	14-10guan	
100140.000	1.000		240.000	-1.000	6.000	wulinzhizhan_done	baitian_05	5.000	10.000	1025141.000	1025141.000	1010141.000	1010141.000		1002141.000	1012141.000	1012141.000	1012141.000		1025141.000	1010141.000		1110141.000	1990141.000	ZhanDou_03	15-1guan	
100141.000	1.000		240.000	-1.000	6.000	taohuayuan_done	baitian_05	5.000	10.000	1004142.000	1009142.000	1009142.000	1009142.000		1004142.000	1014142.000	1014142.000			1009142.000	1009142.000	1004142.000	1009142.000	1990142.000	ZhanDou_03	15-2guan	
100142.000	1.000		240.000	-1.000	6.000	chengmenzhizhan_done	yewan_03	5.000	10.000	1018143.000	1013143.000	1013143.000			1003143.000	1003143.000	1013143.000	1026143.000	1026143.000	1026143.000	1026143.000		1102143.000	1990143.000	ZhanDou_03	15-3guan	
100143.000	1.000		240.000	-1.000	6.000	hebianjunying_done	baitian_03	5.000	10.000	1018144.000	1010144.000	1016144.000	1016144.000		1005144.000	1005144.000	1010144.000			1025144.000	1010144.000		1129144.000	1990144.000	ZhanDou_03	15-4guan	
100144.000	1.000		240.000	-1.000	6.000	chengmenzhizhan_done	baitian_03	5.000	10.000	1025145.000	1006145.000	1010145.000	1010145.000		1022145.000	1023145.000	1023145.000	1023145.000		1009145.000	1009145.000		1120145.000	1990145.000	ZhanDou_02	15-5guan	
100145.000	1.000	66.000	240.000	-1.000	6.000	taohuayuan_done	yewan_05	5.000	10.000	1005146.000	1020146.000	1020146.000	1020146.000		1008146.000	1016146.000	1016146.000			1008146.000	1005146.000	1026146.000	1112146.000	1990146.000	ZhanDou_01	15-6guan	
100146.000	1.000		240.000	-1.000	6.000	zhulinzhizhan_done	baitian_03	5.000	10.000	1006147.000	1006147.000	1026147.000	1026147.000		1001147.000	1014147.000		1026147.000	1122147.000	1018147.000	1020147.000		1127147.000	1990147.000	ZhanDou_01	15-7guan	
100147.000	1.000		240.000	-1.000	6.000	shamo_done	baitian_04	5.000	10.000	1021148.000	1020148.000	1020148.000	1012148.000		1027148.000	1027148.000	1012148.000	1012148.000			1143148.000	1108148.000	1131148.000	1990148.000	ZhanDou_01	15-8guan	
100148.000	1.000		240.000	-1.000	6.000	zhulinzhizhan_done	yewan_02	5.000	10.000	1005149.000	1001149.000	1024149.000	1010149.000	1024149.000	1005149.000	1005149.000	1010149.000	1024149.000		1012149.000		1109149.000	1108149.000	1990149.000	ZhanDou_01	15-9guan	
100149.000	1.000		240.000	-1.000	6.000	zhulinzhizhan_done	baitian_01	5.000	10.000	1025150.000	1026150.000	1026150.000	1026150.000		1025150.000	1025150.000	1010150.000	1010150.000		1003150.000	1026150.000	1140150.000	1129150.000	1990150.000	ZhanDou_02	15-10guan	
100150.000	1.000		241.000	-1.000	6.000	xiagu_done	baitian_03	5.000	10.000	1022151.000	1022151.000	1026151.000	1026151.000		1006151.000	1006151.000	1014151.000	1014151.000		1006151.000	1014151.000		1111151.000	1990151.000	ZhanDou_01	16-1guan	
100151.000	1.000		241.000	-1.000	6.000	xiagu_done	baitian_04	5.000	10.000	1008152.000	1011152.000	1011152.000	1011152.000		1008152.000	1010152.000	1011152.000		1110152.000	1020152.000	1020152.000		1129152.000	1990152.000	ZhanDou_03	16-2guan	
100152.000	1.000		241.000	-1.000	6.000	zhulinzhizhan_done	yewan_02	5.000	10.000	1006153.000	1006153.000	1014153.000	1014153.000		1004153.000	1001153.000	1012153.000	1012153.000	1106153.000	1009153.000	1009153.000	1009153.000	1120153.000	1990153.000	ZhanDou_02	16-3guan	
100153.000	1.000		241.000	-1.000	6.000	wulinzhizhan_done	baitian_03	5.000	10.000	1021154.000	1003154.000	1009154.000	1009154.000	1009154.000	1021154.000	1009154.000	1009154.000		1140154.000	1021154.000	1024154.000		1113154.000	1990154.000	ZhanDou_03	16-4guan	
100154.000	1.000		241.000	-1.000	6.000	shamo_done	baitian_03	5.000	10.000	1018155.000	1013155.000	1013155.000			1018155.000	1026155.000	1026155.000		1102155.000	1026155.000	1026155.000	1026155.000	1101155.000	1990155.000	ZhanDou_02	16-5guan	
100155.000	1.000		241.000	-1.000	6.000	xiagu_done	baitian_04	5.000	10.000	1007156.000	1007156.000	1016156.000	1016156.000		1018156.000	1014156.000	1016156.000		1103156.000	1021156.000	1016156.000		1137156.000	1990156.000	ZhanDou_03	16-6guan	
100156.000	1.000		241.000	-1.000	6.000	shamo_done	yewan_02	5.000	10.000	1025157.000		1010157.000	1010157.000	1012157.000	1002157.000	1012157.000	1012157.000		1104157.000	1016157.000	1012157.000		1133157.000	1990157.000	ZhanDou_03	16-7guan	
100157.000	1.000		241.000	-1.000	6.000	zhulinzhizhan_done	baitian_01	5.000	10.000	1018158.000	1013158.000	1013158.000	1013158.000		1018158.000	1026158.000	1026158.000	1026158.000		1026158.000	1026158.000		1141158.000	1990158.000	ZhanDou_02	16-8guan	
100158.000	1.000		241.000	-1.000	6.000	zhulinzhizhan_done	baitian_02	5.000	10.000	1007159.000	1007159.000	1016159.000	1016159.000		1008159.000	1014159.000	1014159.000				1009159.000	1138159.000	1117159.000	1990159.000	ZhanDou_01	16-9guan	
100159.000	1.000		241.000	-1.000	6.000	zhulinzhizhan_done	baitian_03	5.000	11.000	1025160.000	1025160.000	1010160.000	1010160.000		1004160.000		1012160.000	1013160.000			1010160.000	1010160.000	1117160.000	1990160.000	ZhanDou_01	16-10guan	
200000.000	1.000		60.000	3.000	12.000	taohuayuan_done	baitian_01	1.000	1.000	1003008.000	1006008.000				1001008.000	1009008.000				1003008.000	1011008.000			2990009.000	ZhanDou_03		
200001.000	1.000		64.000	3.000	12.000	zhulinzhizhan_done	yewan_02	1.000	1.000	1006009.000	1001009.000				1003009.000	1011009.000				1006009.000	1026009.000	1026009.000		2990010.000	ZhanDou_03		
200002.000	1.000		68.000	3.000	12.000	hebianjunying_done	yewan_01	1.000	1.000	1001010.000	1003010.000				1006010.000	1006010.000	1011010.000			1001010.000	1009010.000	1009010.000		2990011.000	ZhanDou_01		
200003.000	1.000		72.000	3.000	12.000	wulinzhizhan_done	yewan_01	1.000	1.000	1003011.000	1006011.000	1009011.000			1001011.000	1009011.000	1026011.000			1003011.000	1011011.000	1011011.000		2990012.000	ZhanDou_02		
200004.000	1.000		76.000	3.000	12.000	shamo_done	baitian_01	1.000	1.000	1003012.000	1003012.000				1003012.000	1026012.000						1102012.000	1101012.000	2990013.000	ZhanDou_02		
200005.000	1.000		80.000	3.000	12.000	taohuayuan_done	yewan_03	1.000	1.000	1001013.000	1003013.000	1026013.000			1006013.000	1026013.000	1011013.000	1011013.000		1001013.000	1009013.000	1009013.000	1009013.000	2990014.000	ZhanDou_03		
200006.000	1.000		84.000	3.000	12.000	hebianjunying_done	baitian_02	1.000	1.000	1001014.000	1009014.000	1011014.000	1011014.000		1001014.000	1009014.000	1026014.000	1026014.000		1003014.000	1011014.000	1011014.000	1011014.000	2990015.000	ZhanDou_01		
200007.000	1.000		88.000	3.000	12.000	zhulinzhizhan_done	baitian_01	1.000	1.000	1006015.000	1001015.000	1011015.000	1011015.000		1003015.000	1009015.000	1006015.000	1011015.000		1006015.000	1026015.000	1026015.000		2990016.000	ZhanDou_01		
200008.000	1.000		92.000	3.000	12.000	chengmenzhizhan_done	baitian_04	1.000	1.000	1001016.000	1003016.000	1026016.000	1026016.000		1006016.000	1026016.000	1011016.000			1006016.000	1026016.000	1026016.000		2990017.000	ZhanDou_01		
200009.000	1.000		102.000	3.000	12.000	wulinzhizhan_done	yewan_01	1.000	2.000	1001017.000	1009017.000	1009017.000			1003017.000	1003017.000	1026017.000			1026017.000	1026017.000		1133017.000	2990018.000	ZhanDou_03		
200010.000	1.000		112.000	3.000	12.000	zhulinzhizhan_done	baitian_05	1.000	2.000	1003018.000	1003018.000	1023018.000			1015018.000	1015018.000	1015018.000	1023018.000		1026018.000	1026018.000	1026018.000		2990019.000	ZhanDou_01		
200011.000	1.000		122.000	3.000	12.000	hebianjunying_done	baitian_05	1.000	2.000	1025019.000	1026019.000	1026019.000	1026019.000		1025019.000	1025019.000	1013019.000	1013019.000		1014019.000	1013019.000		1113019.000	2990020.000	ZhanDou_03		
200012.000	1.000		132.000	3.000	12.000	xiagu_done	yewan_07	1.000	2.000	1005020.000	1010020.000	1010020.000			1005020.000	1005020.000	1010020.000	1010020.000		1013020.000	1013020.000	1003020.000		2990021.000	ZhanDou_01		
200013.000	1.000		142.000	3.000	12.000	chengmenzhizhan_done	baitian_02	1.000	2.000	1008021.000	1026021.000	1026021.000			1008021.000	1003021.000	1026021.000			1001021.000	1011021.000	1011021.000		2990022.000	ZhanDou_03		
200014.000	1.000		152.000	3.000	12.000	xiagu_done	baitian_04	1.000	2.000	1018022.000	1011022.000	1011022.000			1001022.000	1001022.000	1026022.000	1026022.000		1020022.000	1023022.000		1135022.000	2990023.000	ZhanDou_02		
200015.000	1.000		162.000	3.000	12.000	zhulinzhizhan_done	yewan_04	1.000	2.000	1003023.000	1010023.000	1010023.000			1003023.000	1003023.000	1023023.000	1023023.000		1003023.000	1013023.000	1013023.000		2990024.000	ZhanDou_03		
200016.000	1.000		172.000	3.000	12.000	chengmenzhizhan_done	baitian_04	1.000	2.000	1004024.000	1009024.000	1009024.000			1004024.000	1014024.000	1014024.000			1013024.000	1013024.000	1003024.000		2990025.000	ZhanDou_03		
200017.000	1.000		182.000	3.000	12.000	taohuayuan_done	yewan_04	1.000	2.000	1018025.000		1016025.000	1016025.000		1005025.000	1010025.000			1135025.000	1021025.000		1026025.000	1120025.000	2990026.000	ZhanDou_02		
200018.000	1.000		192.000	3.000	12.000	hebianjunying_done	baitian_04	1.000	2.000	1025026.000	1006026.000	1010026.000	1010026.000		1022026.000	1023026.000	1023026.000	1023026.000		1013026.000		1106026.000	1111026.000	2990027.000	ZhanDou_01		
200019.000	1.000		202.000	3.000	12.000	hebianjunying_done	yewan_01	1.000	3.000	1005027.000	1005027.000	1020027.000	1020027.000		1008027.000	1016027.000				1012027.000		1120027.000	1106027.000	2990028.000	ZhanDou_01		
200020.000	1.000		212.000	3.000	12.000	chengmenzhizhan_done	baitian_03	2.000	3.000	1006028.000	1026028.000	1026028.000			1001028.000	1001028.000				1014028.000	1014028.000			2990029.000	ZhanDou_02		
200021.000	1.000		222.000	3.000	12.000	wulinzhizhan_done	yewan_06	2.000	3.000	1021029.000	1021029.000	1020029.000			1027029.000	1020029.000			1106029.000	1009029.000	1009029.000	1009029.000		2990030.000	ZhanDou_03		
200022.000	1.000		232.000	3.000	12.000	zhulinzhizhan_done	baitian_03	2.000	3.000	1001030.000	1024030.000	1024030.000			1010030.000	1010030.000	1024030.000		1131030.000	1012030.000			1119030.000	2990031.000	ZhanDou_02		
200023.000	1.000		242.000	3.000	12.000	shamo_done	yewan_04	2.000	3.000	1002031.000	1026031.000	1026031.000	1026031.000		1007031.000	1026031.000	1026031.000	1026031.000		1007031.000	1007031.000	1009031.000	1009031.000	2990032.000	ZhanDou_03		
200024.000	1.000		252.000	3.000	12.000	zhulinzhizhan_done	yewan_05	2.000	3.000	1022032.000	1026032.000	1026032.000			1006032.000	1026032.000	1026032.000	1026032.000		1026032.000		1026032.000	1111032.000	2990033.000	ZhanDou_03		
200025.000	1.000		262.000	3.000	12.000	zhulinzhizhan_done	baitian_02	2.000	3.000	1008033.000	1023033.000	1023033.000	1023033.000		1008033.000	1003033.000	1023033.000	1023033.000		1023033.000	1003033.000		1106033.000	2990034.000	ZhanDou_02		
200026.000	1.000		272.000	3.000	12.000	zhulinzhizhan_done	baitian_03	2.000	3.000	1006034.000	1014034.000	1014034.000			1008034.000	1012034.000	1012034.000			1012034.000	1012034.000		1111034.000	2990035.000	ZhanDou_01		
200027.000	1.000		282.000	3.000	12.000	taohuayuan_done	yewan_04	2.000	3.000	1021035.000	1003035.000	1009035.000	1009035.000		1003035.000	1009035.000	1009035.000		1113035.000	1021035.000	1003035.000	1009035.000	1009035.000	2990036.000	ZhanDou_01		
200028.000	1.000		292.000	3.000	12.000	chengmenzhizhan_done	baitian_02	2.000	3.000	1018036.000	1013036.000	1013036.000	1013036.000		1018036.000	1026036.000	1026036.000	1026036.000		1026036.000	1026036.000		1135036.000	2990037.000	ZhanDou_02		
200029.000	1.000		302.000	3.000	12.000	taohuayuan_done	baitian_02	2.000	3.000	1007037.000	1016037.000	1016037.000	1016037.000		1008037.000	1014037.000	1014037.000			1014037.000	1016037.000	1016037.000	1135037.000	2990038.000	ZhanDou_03		
200030.000	1.000		312.000	3.000	12.000	wulinzhizhan_done	yewan_01	2.000	3.000	1025038.000	1025038.000	1010038.000	1010038.000		1002038.000	1012038.000	1012038.000	1012038.000		1025038.000	1010038.000		1110038.000	2990039.000	ZhanDou_02		
200031.000	1.000		322.000	3.000	12.000	zhulinzhizhan_done	baitian_05	2.000	3.000	1004039.000	1009039.000	1009039.000	1009039.000		1004039.000	1014039.000	1014039.000			1009039.000	1009039.000	1004039.000	1009039.000	2990040.000	ZhanDou_03		
200032.000	1.000		332.000	3.000	12.000	hebianjunying_done	yewan_04	2.000	3.000	1018040.000	1013040.000	1013040.000			1003040.000	1003040.000	1013040.000	1026040.000	1026040.000	1026040.000	1026040.000		1102040.000	2990041.000	ZhanDou_03		
200033.000	1.000		342.000	3.000	12.000	chengmenzhizhan_done	baitian_03	2.000	3.000	1018041.000	1010041.000	1016041.000	1016041.000		1005041.000	1005041.000	1010041.000			1025041.000	1010041.000		1129041.000	2990042.000	ZhanDou_02		
200034.000	1.000		352.000	3.000	12.000	xiagu_done	baitian_03	2.000	3.000	1025042.000	1006042.000	1010042.000	1010042.000		1022042.000	1023042.000	1023042.000	1023042.000		1009042.000	1009042.000		1120042.000	2990043.000	ZhanDou_01		
200035.000	1.000		362.000	3.000	12.000	hebianjunying_done	yewan_01	2.000	3.000	1005043.000	1020043.000	1020043.000	1020043.000		1008043.000	1016043.000	1016043.000			1008043.000	1005043.000	1026043.000	1112043.000	2990044.000	ZhanDou_01		
200036.000	1.000		372.000	3.000	12.000	wulinzhizhan_done	baitian_01	2.000	3.000	1006044.000	1006044.000	1026044.000	1026044.000		1001044.000	1014044.000		1026044.000	1122044.000	1018044.000	1020044.000		1127044.000	2990045.000	ZhanDou_03		
200037.000	1.000		382.000	3.000	12.000	shamo_done	yewan_02	2.000	3.000	1021045.000	1020045.000	1020045.000	1012045.000		1027045.000	1027045.000	1012045.000	1012045.000			1143045.000	1108045.000	1131045.000	2990046.000	ZhanDou_02		
200038.000	1.000		392.000	3.000	12.000	taohuayuan_done	baitian_05	2.000	3.000	1005046.000	1001046.000	1024046.000	1010046.000	1024046.000	1005046.000	1005046.000	1010046.000	1024046.000		1012046.000		1109046.000	1108046.000	2990047.000	ZhanDou_01		
200039.000	1.000		402.000	3.000	12.000	zhulinzhizhan_done	baitian_01	2.000	4.000	1025047.000	1026047.000	1026047.000	1026047.000		1025047.000	1025047.000	1010047.000	1010047.000		1003047.000	1026047.000	1140047.000	1129047.000	2990048.000	ZhanDou_01		
200040.000	1.000		412.000	3.000	12.000	shamo_done	yewan_02	2.000	4.000	1022048.000	1022048.000	1026048.000	1026048.000		1006048.000	1006048.000	1014048.000	1014048.000		1006048.000	1014048.000		1111048.000	2990049.000	ZhanDou_03		
200041.000	1.000		422.000	3.000	12.000	wulinzhizhan_done	yewan_02	2.000	4.000	1008049.000	1011049.000	1011049.000	1011049.000		1008049.000	1010049.000	1011049.000		1110049.000	1020049.000	1020049.000		1129049.000	2990050.000	ZhanDou_03		
200042.000	1.000		432.000	3.000	12.000	taohuayuan_done	baitian_01	2.000	4.000	1006050.000	1006050.000	1014050.000	1014050.000		1004050.000	1001050.000	1012050.000	1012050.000	1106050.000	1009050.000	1009050.000	1009050.000	1120050.000	2990051.000	ZhanDou_01		
200043.000	1.000		442.000	3.000	12.000	taohuayuan_done	baitian_04	2.000	4.000	1021051.000	1003051.000	1009051.000	1009051.000	1009051.000	1021051.000	1009051.000	1009051.000		1140051.000	1021051.000	1024051.000		1113051.000	2990052.000	ZhanDou_02		
200044.000	1.000		452.000	3.000	12.000	hebianjunying_done	baitian_01	2.000	4.000	1018052.000	1013052.000	1013052.000			1018052.000	1026052.000	1026052.000		1102052.000	1026052.000	1026052.000	1026052.000	1101052.000	2990053.000	ZhanDou_02		
200045.000	1.000		460.000	3.000	12.000	hebianjunying_done	yewan_01	2.000	4.000	1007053.000	1007053.000	1016053.000	1016053.000		1018053.000	1014053.000	1016053.000		1103053.000	1021053.000	1016053.000		1137053.000	2990054.000	ZhanDou_03		
200046.000	1.000		460.000	3.000	12.000	xiagu_done	yewan_03	2.000	4.000	1025054.000		1010054.000	1010054.000	1012054.000	1002054.000	1012054.000	1012054.000		1104054.000	1016054.000	1012054.000		1133054.000	2990055.000	ZhanDou_01		
200047.000	1.000		460.000	3.000	12.000	chengmenzhizhan_done	baitian_02	2.000	4.000	1018055.000	1013055.000	1013055.000	1013055.000		1018055.000	1026055.000	1026055.000	1026055.000		1026055.000	1026055.000		1141055.000	2990056.000	ZhanDou_01		
200048.000	1.000		460.000	3.000	12.000	zhulinzhizhan_done	baitian_01	2.000	4.000	1007056.000	1007056.000	1016056.000	1016056.000		1008056.000	1014056.000	1014056.000				1009056.000	1138056.000	1117056.000	2990057.000	ZhanDou_01		
200049.000	1.000		460.000	3.000	12.000	wulinzhizhan_done	baitian_03	2.000	4.000	1025057.000	1025057.000	1010057.000	1010057.000		1004057.000		1012057.000	1013057.000			1010057.000	1010057.000	1117057.000	2990058.000	ZhanDou_03		
200050.000	1.000		462.000	3.000	12.000	shamo_done	baitian_02	2.000	4.000	1004058.000	1009058.000	1009058.000	1009058.000		1004058.000	1014058.000	1014058.000			1009058.000	1009058.000	1007058.000	1137058.000	2990059.000	ZhanDou_01		
200051.000	1.000		462.000	3.000	12.000	shamo_done	baitian_03	2.000	4.000	1006059.000	1026059.000	1026059.000	1026059.000		1018059.000	1013059.000	1013059.000			1010059.000	1026059.000	1026059.000	1133059.000	2990060.000	ZhanDou_03		
200052.000	1.000		462.000	3.000	12.000	chengmenzhizhan_done	baitian_02	2.000	4.000	1021060.000	1020060.000	1020060.000	1020060.000		1027060.000	1013060.000	1013060.000	1013060.000		1013060.000	1013060.000	1026060.000	1101060.000	2990061.000	ZhanDou_01		
200053.000	1.000		462.000	3.000	12.000	wulinzhizhan_done	baitian_03	2.000	4.000	1004061.000	1001061.000	1024061.000	1024061.000		1004061.000	1001061.000	1010061.000	1010061.000			1013061.000	1010061.000	1118061.000	2990062.000	ZhanDou_03		
200054.000	1.000		462.000	3.000	12.000	xiagu_done	yewan_01	2.000	4.000	1002062.000	1026062.000	1026062.000	1026062.000		1026062.000	1026062.000	1026062.000		1141062.000	1026062.000	1014062.000	1026062.000	1122062.000	2990063.000	ZhanDou_02		
200055.000	1.000		462.000	3.000	12.000	zhulinzhizhan_done	yewan_02	2.000	4.000	1022063.000	1026063.000	1026063.000	1026063.000		1006063.000	1006063.000	1026063.000	1026063.000		1006063.000	1024063.000	1024063.000	1118063.000	2990064.000	ZhanDou_03		
200056.000	1.000		462.000	3.000	12.000	zhulinzhizhan_done	baitian_03	2.000	4.000	1008064.000	1023064.000	1023064.000	1023064.000		1008064.000	1003064.000	1023064.000	1023064.000		1013064.000	1013064.000		1133064.000	2990065.000	ZhanDou_03		
200057.000	1.000		462.000	3.000	12.000	wulinzhizhan_done	baitian_03	2.000	4.000	1006065.000	1014065.000	1014065.000			1008065.000	1012065.000	1012065.000		1130065.000		1023065.000	1023065.000	1117065.000	2990066.000	ZhanDou_02		
200058.000	1.000		462.000	3.000	12.000	hebianjunying_done	baitian_01	2.000	4.000	1021066.000	1021066.000	1009066.000	1020066.000		1021066.000	1003066.000	1009066.000	1020066.000	1009066.000	1020066.000	1003066.000		1117066.000	2990067.000	ZhanDou_01		
200059.000	1.000		462.000	3.000	12.000	wulinzhizhan_done	baitian_04	2.000	5.000	1018067.000		1013067.000	1013067.000		1018067.000	1026067.000	1026067.000			1026067.000		1117067.000	1138067.000	2990068.000	ZhanDou_01		
200060.000	1.000		464.000	3.000	12.000	wulinzhizhan_done	baitian_03	3.000	5.000	1027068.000	1013068.000	1013068.000			1003068.000	1027068.000	1026068.000		1104068.000	1026068.000	1026068.000		1101068.000	2990069.000	ZhanDou_03		
200061.000	1.000		464.000	3.000	12.000	taohuayuan_done	baitian_02	3.000	5.000	1021069.000	1020069.000				1027069.000	1012069.000	1012069.000			1004069.000	1001069.000		1129069.000	2990070.000	ZhanDou_03		
200062.000	1.000		464.000	3.000	12.000	chengmenzhizhan_done	yewan_03	3.000	5.000	1007070.000	1024070.000	1024070.000			1004070.000	1010070.000	1010070.000		1107070.000	1013070.000			1140070.000	2990071.000	ZhanDou_03		
200063.000	1.000		464.000	3.000	12.000	xiagu_done	baitian_04	3.000	5.000	1022071.000	1026071.000	1026071.000	1026071.000		1007071.000	1011071.000	1011071.000	1011071.000		1011071.000	1011071.000	1120071.000	1140071.000	2990072.000	ZhanDou_03		
200064.000	1.000		464.000	3.000	12.000	wulinzhizhan_done	baitian_03	3.000	5.000	1022072.000	1026072.000	1026072.000	1026072.000		1004072.000	1026072.000	1026072.000	1026072.000		1001072.000	1016072.000		1117072.000	2990073.000	ZhanDou_02		
200065.000	1.000		464.000	3.000	12.000	chengmenzhizhan_done	yewan_04	3.000	5.000	1008073.000	1023073.000	1023073.000	1023073.000		1007073.000	1003073.000	1023073.000	1023073.000	1023073.000	1014073.000	1003073.000	1113073.000	1107073.000	2990074.000	ZhanDou_01		
200066.000	1.000		464.000	3.000	12.000	zhulinzhizhan_done	baitian_02	3.000	5.000	1006074.000	1006074.000	1012074.000	1014074.000		1008074.000	1012074.000	1012074.000	1012074.000		1003074.000	1026074.000	1026074.000	1117074.000	2990075.000	ZhanDou_01		
200067.000	1.000		464.000	3.000	12.000	shamo_done	baitian_02	3.000	5.000	1021075.000	1021075.000	1009075.000	1009075.000		1002075.000	1002075.000	1009075.000	1009075.000	1105075.000	1001075.000	1011075.000	1011075.000	1138075.000	2990076.000	ZhanDou_01		
200068.000	1.000		464.000	3.000	12.000	shamo_done	yewan_03	3.000	5.000	1018076.000	1013076.000	1013076.000	1013076.000		1018076.000	1026076.000	1026076.000	1026076.000		1009076.000		1113076.000	1117076.000	2990077.000	ZhanDou_01		
200069.000	1.000		464.000	3.000	12.000	wulinzhizhan_done	baitian_01	3.000	6.000	1007077.000	1007077.000	1010077.000	1010077.000		1008077.000	1003077.000	1010077.000	1014077.000		1003077.000		1113077.000	1107077.000	2990078.000	ZhanDou_02		
200070.000	1.000		466.000	3.000	12.000	taohuayuan_done	baitian_02	3.000	6.000	1022078.000	1009078.000	1009078.000	1012078.000		1007078.000	1009078.000	1012078.000	1012078.000		1005078.000	1129078.000	1105078.000	1108078.000	2990079.000	ZhanDou_01		
200071.000	1.000		466.000	3.000	12.000	zhulinzhizhan_done	baitian_04	3.000	6.000	1018079.000	1024079.000	1024079.000	1024079.000		1027079.000	1009079.000	1012079.000	1009079.000		1027079.000	1027079.000	1110079.000	1129079.000	2990080.000	ZhanDou_03		
200072.000	1.000		466.000	3.000	12.000	wulinzhizhan_done	yewan_03	3.000	6.000	1021080.000	1008080.000	1024080.000	1024080.000		1008080.000	1012080.000	1012080.000	1012080.000		1021080.000	1012080.000	1110080.000	1120080.000	2990081.000	ZhanDou_02		
200073.000	1.000		466.000	3.000	12.000	wulinzhizhan_done	yewan_02	3.000	6.000	1004081.000	1004081.000	1012081.000	1009081.000		1004081.000	1001081.000	1012081.000	1012081.000		1012081.000	1009081.000	1113081.000	1117081.000	2990082.000	ZhanDou_03		
200074.000	1.000		466.000	3.000	12.000	zhulinzhizhan_done	baitian_03	3.000	6.000	1018082.000	1018082.000	1009082.000	1009082.000		1021082.000	1021082.000	1009082.000	1009082.000	1125082.000	1009082.000	1009082.000	1012082.000	1108082.000	2990083.000	ZhanDou_02		
200075.000	1.000		466.000	3.000	12.000	taohuayuan_done	yewan_01	3.000	6.000	1021083.000	1015083.000	1023083.000	1023083.000	1023083.000	1021083.000	1015083.000	1013083.000	1013083.000		1003083.000	1013083.000	1108083.000	1105083.000	2990084.000	ZhanDou_03		
200076.000	1.000		466.000	3.000	12.000	wulinzhizhan_done	yewan_06	3.000	6.000	1004084.000	1004084.000	1012084.000	1012084.000		1021084.000	1003084.000	1024084.000	1024084.000		1012084.000	1140084.000	1120084.000	1113084.000	2990085.000	ZhanDou_03		
200077.000	1.000		466.000	3.000	12.000	xiagu_done	baitian_01	3.000	6.000	1027085.000	1013085.000	1013085.000	1013085.000		1003085.000	1026085.000	1026085.000		1113085.000	1004085.000		1016085.000	1129085.000	2990086.000	ZhanDou_02		
200078.000	1.000		466.000	3.000	12.000	xiagu_done	yewan_02	3.000	6.000	1022086.000	1026086.000	1026086.000	1026086.000		1007086.000	1003086.000	1023086.000	1023086.000		1022086.000		1010086.000	1120086.000	2990087.000	ZhanDou_01		
200079.000	1.000		466.000	3.000	12.000	xiagu_done	baitian_03	3.000	6.000	1003087.000	1003087.000	1011087.000	1011087.000		1018087.000		1023087.000	1023087.000		1012087.000	1112087.000	1120087.000	1113087.000	2990088.000	ZhanDou_01		
200080.000	1.000		468.000	3.000	12.000	taohuayuan_done	baitian_01	3.000	6.000	1022088.000	1026088.000	1026088.000	1026088.000		1006088.000	1006088.000	1014088.000		1137088.000	1021088.000	1013088.000		1130088.000	2990089.000	ZhanDou_03		
200081.000	1.000		468.000	3.000	12.000	chengmenzhizhan_done	yewan_02	3.000	6.000	1008089.000	1011089.000	1011089.000	1011089.000		1008089.000	1010089.000	1010089.000	1011089.000		1010089.000		1111089.000	1115089.000	2990090.000	ZhanDou_03		
200082.000	1.000		468.000	3.000	12.000	hebianjunying_done	baitian_01	3.000	6.000	1006090.000	1006090.000	1012090.000	1014090.000		1004090.000	1012090.000	1012090.000		1127090.000	1007090.000	1026090.000		1131090.000	2990091.000	ZhanDou_01		
200083.000	1.000		468.000	3.000	12.000	hebianjunying_done	yewan_03	3.000	6.000	1021091.000	1021091.000	1009091.000	1009091.000		1021091.000	1021091.000	1009091.000	1009091.000		1001091.000	1021091.000	1133091.000	1127091.000	2990092.000	ZhanDou_02		
200084.000	1.000		468.000	3.000	12.000	zhulinzhizhan_done	baitian_02	3.000	6.000	1018092.000	1013092.000	1013092.000	1013092.000		1018092.000	1026092.000	1026092.000	1026092.000		1018092.000	1026092.000	1110092.000	1140092.000	2990093.000	ZhanDou_02		
200085.000	1.000		468.000	3.000	12.000	taohuayuan_done	baitian_03	3.000	6.000	1007093.000	1016093.000	1016093.000	1016093.000		1018093.000	1014093.000	1014093.000	1016093.000		1018093.000	1105093.000	1131093.000	1143093.000	2990094.000	ZhanDou_03		
200086.000	1.000		468.000	3.000	12.000	hebianjunying_done	yewan_05	3.000	6.000	1025094.000	1025094.000	1010094.000	1010094.000		1002094.000	1012094.000	1012094.000	1012094.000		1014094.000	1002094.000	1125094.000	1105094.000	2990095.000	ZhanDou_01		
200087.000	1.000		468.000	3.000	12.000	chengmenzhizhan_done	baitian_02	3.000	6.000	1018095.000	1018095.000	1013095.000	1013095.000		1018095.000	1026095.000	1026095.000	1026095.000		1013095.000	1013095.000	1119095.000	1131095.000	2990096.000	ZhanDou_01		
200088.000	1.000		468.000	3.000	12.000	hebianjunying_done	baitian_04	3.000	6.000	1004096.000	1004096.000	1010096.000	1012096.000		1008096.000	1014096.000	1014096.000			1012096.000	1012096.000	1119096.000	1131096.000	2990097.000	ZhanDou_01		
200089.000	1.000		468.000	3.000	12.000	taohuayuan_done	baitian_04	3.000	7.000	1027097.000	1012097.000	1010097.000	1010097.000		1004097.000	1002097.000	1023097.000	1023097.000		1002097.000	1023097.000	1127097.000	1103097.000	2990098.000	ZhanDou_03		
200090.000	1.000		470.000	3.000	12.000	zhulinzhizhan_done	yewan_02	4.000	7.000	1007098.000	1007098.000	1020098.000	1020098.000		1007098.000	1023098.000	1023098.000		1109098.000	1007098.000	1010098.000	1010098.000	1135098.000	2990099.000	ZhanDou_01		
200091.000	1.000		470.000	3.000	12.000	shamo_done	baitian_02	4.000	7.000	1025099.000	1025099.000	1026099.000	1026099.000		1006099.000	1026099.000	1026099.000	1026099.000		1014099.000	1014099.000	1026099.000	1117099.000	2990100.000	ZhanDou_03		
200092.000	1.000		470.000	3.000	12.000	hebianjunying_done	yewan_03	4.000	7.000	1005100.000	1024100.000	1010100.000	1010100.000		1008100.000	1024100.000	1024100.000		1138100.000	1024100.000	1024100.000	1010100.000	1118100.000	2990101.000	ZhanDou_01		
200093.000	1.000		470.000	3.000	12.000	xiagu_done	baitian_02	4.000	7.000	1004101.000	1004101.000	1011101.000	1013101.000	1013101.000	1021101.000	1021101.000	1013101.000	1013101.000	1013101.000	1004101.000	1013101.000	1113101.000	1129101.000	2990102.000	ZhanDou_03		
200094.000	1.000		470.000	3.000	12.000	hebianjunying_done	baitian_02	4.000	7.000	1022102.000	1022102.000	1026102.000	1026102.000	1026102.000	1004102.000	1026102.000	1026102.000	1026102.000	1112102.000	1004102.000	1026102.000	1026102.000	1120102.000	2990103.000	ZhanDou_02		
200095.000	1.000		470.000	3.000	12.000	zhulinzhizhan_done	yewan_01	4.000	7.000	1008103.000	1023103.000	1023103.000	1023103.000		1007103.000	1003103.000	1023103.000	1023103.000	1140103.000	1004103.000	1023103.000	1014103.000	1014103.000	2990104.000	ZhanDou_03		
200096.000	1.000		470.000	3.000	12.000	zhulinzhizhan_done	baitian_02	4.000	7.000	1008104.000	1006104.000	1014104.000	1014104.000		1008104.000	1012104.000	1012104.000	1012104.000	1012104.000	1010104.000	1010104.000	1144104.000	1120104.000	2990105.000	ZhanDou_03		
200097.000	1.000		470.000	3.000	12.000	shamo_done	baitian_03	4.000	7.000	1021105.000	1021105.000	1010105.000	1010105.000	1010105.000	1002105.000	1002105.000	1009105.000	1009105.000		1007105.000	1010105.000	1113105.000	1144105.000	2990106.000	ZhanDou_02		
200098.000	1.000		470.000	3.000	12.000	zhulinzhizhan_done	yewan_04	4.000	7.000	1018106.000	1013106.000	1013106.000	1013106.000		1018106.000	1018106.000	1026106.000	1026106.000	1026106.000	1027106.000	1026106.000	1108106.000	1125106.000	2990107.000	ZhanDou_01		
200099.000	1.000		470.000	3.000	12.000	shamo_done	baitian_05	4.000	8.000	1007107.000	1007107.000	1010107.000	1010107.000	1013107.000	1008107.000	1003107.000	1013107.000	1014107.000	1014107.000	1004107.000	1004107.000	1107107.000	1144107.000	2990108.000	ZhanDou_01		
200100.000	1.000		472.000	3.000	12.000	wulinzhizhan_done	yewan_06	4.000	8.000	1006108.000	1006108.000	1026108.000	1026108.000	1026108.000	1021108.000	1021108.000	1026108.000	1026108.000	1026108.000	1012108.000	1021108.000	1122108.000	1143108.000	2990109.000	ZhanDou_02		
200101.000	1.000		472.000	3.000	12.000	taohuayuan_done	baitian_05	4.000	8.000	1004109.000	1021109.000	1020109.000	1020109.000		1004109.000	1004109.000	1020109.000	1020109.000	1020109.000	1018109.000	1021109.000	1109109.000	1104109.000	2990110.000	ZhanDou_03		
200102.000	1.000		472.000	3.000	12.000	zhulinzhizhan_done	yewan_03	4.000	8.000	1021110.000	1004110.000	1024110.000	1024110.000	1024110.000	1004110.000	1004110.000	1010110.000	1010110.000		1004110.000	1024110.000	1137110.000	1104110.000	2990111.000	ZhanDou_02		
200103.000	1.000		472.000	3.000	12.000	shamo_done	baitian_04	4.000	8.000	1002111.000	1002111.000	1026111.000	1026111.000	1026111.000	1007111.000	1007111.000	1026111.000	1026111.000	1026111.000	1007111.000	1026111.000	1143111.000	1119111.000	2990112.000	ZhanDou_03		
200104.000	1.000		472.000	3.000	12.000	xiagu_done	yewan_02	4.000	8.000	1022112.000	1022112.000	1026112.000	1026112.000	1026112.000	1022112.000	1023112.000	1023112.000	1023112.000	1141112.000	1014112.000	1014112.000	1102112.000	1121112.000	2990113.000	ZhanDou_03		
200105.000	1.000		472.000	3.000	12.000	zhulinzhizhan_done	baitian_03	4.000	8.000	1008113.000	1023113.000	1024113.000	1024113.000		1008113.000	1003113.000	1024113.000	1024113.000		1014113.000		1133113.000	1135113.000	2990114.000	ZhanDou_02		
200106.000	1.000		472.000	3.000	12.000	zhulinzhizhan_done	baitian_01	4.000	8.000	1008114.000		1014114.000	1014114.000	1013114.000	1008114.000	1008114.000	1012114.000	1012114.000	1014114.000	1013114.000	1013114.000	1137114.000	1142114.000	2990115.000	ZhanDou_01		
200107.000	1.000		472.000	3.000	12.000	hebianjunying_done	yewan_02	4.000	8.000	1008115.000	1008115.000	1009115.000	1009115.000	1009115.000	1018115.000	1018115.000	1009115.000	1009115.000	1009115.000	1021115.000	1009115.000	1112115.000	1140115.000	2990116.000	ZhanDou_01		
200108.000	1.000		472.000	3.000	12.000	wulinzhizhan_done	baitian_04	4.000	8.000	1018116.000	1013116.000	1013116.000	1013116.000		1018116.000	1026116.000	1026116.000	1026116.000		1020116.000	1020116.000	1110116.000	1111116.000	2990117.000	ZhanDou_02		
200109.000	1.000		472.000	3.000	12.000	taohuayuan_done	baitian_02	4.000	8.000	1007117.000	1007117.000	1016117.000	1016117.000		1008117.000	1014117.000	1014117.000			1007117.000	1109117.000	1119117.000	1122117.000	2990118.000	ZhanDou_03		
200110.000	1.000		474.000	3.000	12.000	wulinzhizhan_done	baitian_05	4.000	8.000	1027118.000	1027118.000	1024118.000	1024118.000		1027118.000		1014118.000	1010118.000		1010118.000	1027118.000	1129118.000	1140118.000	2990119.000	ZhanDou_02		
200111.000	1.000		474.000	3.000	12.000	hebianjunying_done	yewan_03	4.000	8.000	1022119.000	1012119.000	1012119.000			1007119.000		1012119.000	1009119.000	1012119.000	1025119.000		1105119.000	1119119.000	2990120.000	ZhanDou_03		
200112.000	1.000		474.000	3.000	12.000	hebianjunying_done	baitian_04	4.000	8.000	1018120.000	1024120.000	1024120.000	1024120.000		1027120.000	1012120.000	1012120.000	1012120.000		1022120.000		1107120.000	1140120.000	2990121.000	ZhanDou_03		
200113.000	1.000		474.000	3.000	12.000	taohuayuan_done	baitian_04	4.000	8.000	1021121.000	1021121.000	1013121.000	1013121.000		1008121.000	1012121.000	1012121.000	1012121.000		1012121.000		1113121.000	1129121.000	2990122.000	ZhanDou_02		
200114.000	1.000		474.000	3.000	12.000	xiagu_done	baitian_01	4.000	8.000	1004122.000	1009122.000	1009122.000	1009122.000		1007122.000		1012122.000		1103122.000	1009122.000	1009122.000	1101122.000	1141122.000	2990123.000	ZhanDou_01		
200115.000	1.000		474.000	3.000	12.000	shamo_done	baitian_03	4.000	8.000	1018123.000	1018123.000	1009123.000	1009123.000		1021123.000	1023123.000	1023123.000		1141123.000	1012123.000		1133123.000	1102123.000	2990124.000	ZhanDou_01		
200116.000	1.000		474.000	3.000	12.000	xiagu_done	baitian_03	4.000	8.000	1015124.000	1015124.000	1023124.000	1023124.000		1021124.000		1013124.000	1013124.000		1024124.000	1024124.000	1130124.000	1107124.000	2990125.000	ZhanDou_03		
200117.000	1.000		474.000	3.000	12.000	hebianjunying_done	yewan_03	4.000	8.000	1004125.000	1012125.000	1012125.000			1021125.000	1003125.000	1024125.000	1024125.000		1007125.000	1007125.000	1110125.000	1144125.000	2990126.000	ZhanDou_02		
200118.000	1.000		474.000	3.000	12.000	taohuayuan_done	baitian_02	4.000	8.000	1027126.000	1013126.000	1013126.000	1013126.000		1003126.000	1026126.000	1026126.000	1026126.000		1014126.000	1014126.000	1112126.000	1120126.000	2990127.000	ZhanDou_01		
200119.000	1.000		474.000	3.000	12.000	shamo_done	baitian_01	4.000	9.000	1022127.000	1026127.000	1026127.000	1026127.000		1007127.000	1003127.000	1023127.000	1023127.000		1010127.000	1023127.000	1120127.000	1117127.000	2990128.000	ZhanDou_01		
200120.000	1.000		476.000	3.000	12.000	xiagu_done	baitian_01	5.000	9.000	1022128.000	1012128.000	1014128.000	1014128.000		1007128.000	1012128.000	1012128.000	1024128.000		1021128.000		1107128.000	1112128.000	2990129.000	ZhanDou_03		
200121.000	1.000		476.000	3.000	12.000	zhulinzhizhan_done	yewan_01	5.000	9.000	1018129.000	1024129.000	1024129.000	1024129.000		1027129.000		1012129.000	1012129.000		1004129.000		1129129.000	1140129.000	2990130.000	ZhanDou_03		
200122.000	1.000		476.000	3.000	12.000	hebianjunying_done	baitian_01	5.000	9.000	1021130.000	1008130.000	1024130.000			1008130.000	1001130.000	1012130.000	1012130.000		1027130.000		1118130.000	1112130.000	2990131.000	ZhanDou_01		
200123.000	1.000		476.000	3.000	12.000	wulinzhizhan_done	baitian_06	5.000	9.000	1005131.000	1010131.000	1010131.000			1002131.000	1001131.000	1012131.000		1112131.000	1012131.000	1024131.000	1024131.000	1117131.000	2990132.000	ZhanDou_02		
200124.000	1.000		476.000	3.000	12.000	hebianjunying_done	yewan_03	5.000	9.000	1018132.000	1023132.000	1023132.000	1023132.000		1021132.000	1023132.000	1010132.000	1010132.000			1010132.000	1127132.000	1103132.000	2990133.000	ZhanDou_02		
200125.000	1.000		476.000	3.000	12.000	wulinzhizhan_done	yewan_01	5.000	9.000	1025133.000	1025133.000	1013133.000	1013133.000		1021133.000	1013133.000	1013133.000	1013133.000		1010133.000		1105133.000	1108133.000	2990134.000	ZhanDou_03		
200126.000	1.000		476.000	3.000	12.000	hebianjunying_done	yewan_03	5.000	9.000	1004134.000	1012134.000	1012134.000			1021134.000	1003134.000	1024134.000	1024134.000		1004134.000	1013134.000		1129134.000	2990135.000	ZhanDou_01		
200127.000	1.000		476.000	3.000	12.000	chengmenzhizhan_done	baitian_03	5.000	9.000	1027135.000	1013135.000	1013135.000			1002135.000	1026135.000	1026135.000	1026135.000		1004135.000	1013135.000		1125135.000	2990136.000	ZhanDou_01		
200128.000	1.000		476.000	3.000	12.000	xiagu_done	baitian_01	5.000	9.000	1022136.000	1026136.000	1026136.000	1011136.000		1007136.000	1003136.000	1023136.000	1023136.000		1018136.000	1010136.000	1125136.000	1105136.000	2990137.000	ZhanDou_01		
200129.000	1.000		476.000	3.000	12.000	taohuayuan_done	baitian_04	5.000	9.000	1005137.000	1005137.000	1010137.000	1010137.000		1018137.000		1023137.000	1023137.000		1012137.000	1108137.000	1122137.000	1109137.000	2990138.000	ZhanDou_03		
200130.000	1.000		478.000	3.000	12.000	hebianjunying_done	baitian_04	5.000	9.000	1022138.000	1026138.000	1026138.000	1026138.000		1027138.000	1014138.000	1014138.000		1108138.000	1004138.000	1012138.000		1109138.000	2990139.000	ZhanDou_01		
200131.000	1.000		478.000	3.000	12.000	wulinzhizhan_done	yewan_01	5.000	9.000	1008139.000	1011139.000	1011139.000	1011139.000		1003139.000	1010139.000	1010139.000		1111139.000	1027139.000	1012139.000		1127139.000	2990140.000	ZhanDou_03		
200132.000	1.000		478.000	3.000	12.000	hebianjunying_done	yewan_03	5.000	9.000	1006140.000	1014140.000	1014140.000			1004140.000	1012140.000	1012140.000	1014140.000		1002140.000		1122140.000	1109140.000	2990141.000	ZhanDou_01		
200133.000	1.000		478.000	3.000	12.000	shamo_done	baitian_05	5.000	9.000	1021141.000	1001141.000	1009141.000	1009141.000		1007141.000	1025141.000	1010141.000	1010141.000		1014141.000	1014141.000	1131141.000	1125141.000	2990142.000	ZhanDou_03		
200134.000	1.000		478.000	3.000	12.000	zhulinzhizhan_done	baitian_01	5.000	9.000	1018142.000	1013142.000	1013142.000	1013142.000		1018142.000	1012142.000	1026142.000	1024142.000		1007142.000		1108142.000	1105142.000	2990143.000	ZhanDou_02		
200135.000	1.000		478.000	3.000	12.000	taohuayuan_done	yewan_02	5.000	9.000	1007143.000	1007143.000	1016143.000	1016143.000		1018143.000	1018143.000	1016143.000	1014143.000		1014143.000	1131143.000	1138143.000	1118143.000	2990144.000	ZhanDou_03		
200136.000	1.000		478.000	3.000	12.000	zhulinzhizhan_done	baitian_03	5.000	9.000	1025144.000	1025144.000	1010144.000	1010144.000		1002144.000		1012144.000	1012144.000	1013144.000	1013144.000	1002144.000	1125144.000	1108144.000	2990145.000	ZhanDou_03		
200137.000	1.000		478.000	3.000	12.000	hebianjunying_done	yewan_02	5.000	9.000	1018145.000	1013145.000	1013145.000	1013145.000		1018145.000	1026145.000	1026145.000	1026145.000		1024145.000	1125145.000	1131145.000	1143145.000	2990146.000	ZhanDou_02		
200138.000	1.000		478.000	3.000	12.000	taohuayuan_done	yewan_01	5.000	9.000	1004146.000	1004146.000	1010146.000	1010146.000		1008146.000	1008146.000	1016146.000	1016146.000	1127146.000	1024146.000	1014146.000	1141146.000	1103146.000	2990147.000	ZhanDou_01		
200139.000	1.000		478.000	3.000	12.000	wulinzhizhan_done	baitian_04	5.000	10.000	1027147.000	1027147.000	1010147.000	1010147.000		1004147.000	1004147.000	1016147.000	1016147.000	1125147.000	1012147.000	1119147.000	1122147.000	1105147.000	2990148.000	ZhanDou_01		
200140.000	1.000		480.000	3.000	12.000	wulinzhizhan_done	baitian_05	5.000	10.000	1025148.000	1025148.000	1010148.000	1010148.000		1002148.000	1012148.000	1012148.000	1012148.000		1025148.000	1010148.000		1110148.000	2990149.000	ZhanDou_03		
200141.000	1.000		480.000	3.000	12.000	taohuayuan_done	baitian_05	5.000	10.000	1004149.000	1009149.000	1009149.000	1009149.000		1004149.000	1014149.000	1014149.000			1009149.000	1009149.000	1004149.000	1009149.000	2990150.000	ZhanDou_03		
200142.000	1.000		480.000	3.000	12.000	xiagu_done	baitian_03	5.000	10.000	1018150.000	1013150.000	1013150.000			1003150.000	1003150.000	1013150.000	1026150.000	1026150.000	1026150.000	1026150.000		1102150.000	2990151.000	ZhanDou_03		
200143.000	1.000		480.000	3.000	12.000	xiagu_done	baitian_03	5.000	10.000	1018151.000	1010151.000	1016151.000	1016151.000		1005151.000	1005151.000	1010151.000			1025151.000	1010151.000		1129151.000	2990152.000	ZhanDou_03		
200144.000	1.000		480.000	3.000	12.000	xiagu_done	baitian_03	5.000	10.000	1025152.000	1006152.000	1010152.000	1010152.000		1022152.000	1023152.000	1023152.000	1023152.000		1009152.000	1009152.000		1120152.000	2990153.000	ZhanDou_02		
200145.000	1.000		480.000	3.000	12.000	taohuayuan_done	yewan_05	5.000	10.000	1005153.000	1020153.000	1020153.000	1020153.000		1008153.000	1016153.000	1016153.000			1008153.000	1005153.000	1026153.000	1112153.000	2990154.000	ZhanDou_01		
200146.000	1.000		480.000	3.000	12.000	zhulinzhizhan_done	baitian_03	5.000	10.000	1006154.000	1006154.000	1026154.000	1026154.000		1001154.000	1014154.000		1026154.000	1122154.000	1018154.000	1020154.000		1127154.000	2990155.000	ZhanDou_01		
200147.000	1.000		480.000	3.000	12.000	shamo_done	baitian_04	5.000	10.000	1021155.000	1020155.000	1020155.000	1012155.000		1027155.000	1027155.000	1012155.000	1012155.000			1143155.000	1108155.000	1131155.000	2990156.000	ZhanDou_01		
200148.000	1.000		480.000	3.000	12.000	zhulinzhizhan_done	yewan_02	5.000	10.000	1005156.000	1001156.000	1024156.000	1010156.000	1024156.000	1005156.000	1005156.000	1010156.000	1024156.000		1012156.000		1109156.000	1108156.000	2990157.000	ZhanDou_01		
200149.000	1.000		480.000	3.000	12.000	zhulinzhizhan_done	baitian_01	5.000	10.000	1025157.000	1026157.000	1026157.000	1026157.000		1025157.000	1025157.000	1010157.000	1010157.000		1003157.000	1026157.000	1140157.000	1129157.000	2990158.000	ZhanDou_02		
200150.000	1.000		482.000	3.000	12.000	xiagu_done	baitian_03	5.000	10.000	1022158.000	1022158.000	1026158.000	1026158.000		1006158.000	1006158.000	1014158.000	1014158.000		1006158.000	1014158.000		1111158.000	2990159.000	ZhanDou_01		
200151.000	1.000		482.000	3.000	12.000	xiagu_done	baitian_04	5.000	10.000	1008159.000	1011159.000	1011159.000	1011159.000		1008159.000	1010159.000	1011159.000		1110159.000	1020159.000	1020159.000		1129159.000	2990160.000	ZhanDou_03		
200152.000	1.000		482.000	3.000	12.000	zhulinzhizhan_done	yewan_02	5.000	10.000	1006160.000	1006160.000	1014160.000	1014160.000		1004160.000	1001160.000	1012160.000	1012160.000	1106160.000	1009160.000	1009160.000	1009160.000	1120160.000	2990161.000	ZhanDou_02		
200153.000	1.000		482.000	3.000	12.000	wulinzhizhan_done	baitian_03	5.000	10.000	1021161.000	1003161.000	1009161.000	1009161.000	1009161.000	1021161.000	1009161.000	1009161.000		1140161.000	1021161.000	1024161.000		1113161.000	2990162.000	ZhanDou_03		
200154.000	1.000		482.000	3.000	12.000	shamo_done	baitian_03	5.000	10.000	1018162.000	1013162.000	1013162.000			1018162.000	1026162.000	1026162.000		1102162.000	1026162.000	1026162.000	1026162.000	1101162.000	2990163.000	ZhanDou_02		
200155.000	1.000		482.000	3.000	12.000	xiagu_done	baitian_04	5.000	10.000	1007163.000	1007163.000	1016163.000	1016163.000		1018163.000	1014163.000	1016163.000		1103163.000	1021163.000	1016163.000		1137163.000	2990164.000	ZhanDou_03		
200156.000	1.000		482.000	3.000	12.000	shamo_done	yewan_02	5.000	10.000	1025164.000		1010164.000	1010164.000	1012164.000	1002164.000	1012164.000	1012164.000		1104164.000	1016164.000	1012164.000		1133164.000	2990165.000	ZhanDou_03		
200157.000	1.000		482.000	3.000	12.000	zhulinzhizhan_done	baitian_01	5.000	10.000	1018165.000	1013165.000	1013165.000	1013165.000		1018165.000	1026165.000	1026165.000	1026165.000		1026165.000	1026165.000		1141165.000	2990166.000	ZhanDou_02		
200158.000	1.000		482.000	3.000	12.000	zhulinzhizhan_done	baitian_02	5.000	10.000	1007166.000	1007166.000	1016166.000	1016166.000		1008166.000	1014166.000	1014166.000				1009166.000	1138166.000	1117166.000	2990167.000	ZhanDou_01		
200159.000	1.000		482.000	3.000	12.000	zhulinzhizhan_done	baitian_03	5.000	11.000	1025167.000	1025167.000	1010167.000	1010167.000		1004167.000		1012167.000	1013167.000			1010167.000	1010167.000	1117167.000	2990168.000	ZhanDou_01		
800001.000	1.000	1.000	30.000	-1.000	6.000	mijingxunbao_done		1.000	3.000	1025043.000	1025043.000	1012043.000	1010043.000	1024043.000	1021043.000	1021043.000	1026043.000	1026043.000	1129043.000	1113043.000	1118043.000	1140043.000	1110043.000	5580043.000	ZhanDou_03		
800002.000	1.000	28.000	30.000	-1.000	6.000	mijingxunbao_done		2.000	5.000	1115073.000	1007073.000	1014073.000	1012073.000	1016073.000	1018073.000	1003073.000	1020073.000	1020073.000	1106073.000	1131073.000	1135073.000	1110073.000	1138073.000	5580073.000	ZhanDou_03		
800003.000	1.000	46.000	30.000	-1.000	6.000	mijingxunbao_done		3.000	7.000	1120106.000	1121106.000	1024106.000	1013106.000	1026106.000	1133106.000	1141106.000	1010106.000	1026106.000	1026106.000	1115106.000	1135106.000	1110106.000	1143106.000	5580106.000	ZhanDou_01		
800004.000	1.000	56.000	30.000	-1.000	6.000	mijingxunbao_done		4.000	9.000	1004128.000	1021128.000	1020128.000	1020128.000	1014128.000	1111128.000	1027128.000	1010128.000	1023128.000	1023128.000	1137128.000	1121128.000	1127128.000	1130128.000	5580128.000	ZhanDou_02		
800005.000	1.000	65.000	30.000	-1.000	6.000	mijingxunbao_done		5.000	10.000	1027147.000	1027147.000	1010147.000	1110147.000	1009147.000	1120147.000	1004147.000	1016147.000	1012147.000	1014147.000	1125147.000	1119147.000	1122147.000	1105147.000	5580147.000	ZhanDou_02		
800006.000	1.000	75.000	30.000	-1.000	6.000	mijingxunbao_done		5.000	10.000	1025180.000	1005180.000	1010180.000	1026180.000	1014180.000	1002180.000	1101180.000	1012180.000	1012180.000	1013180.000	1102180.000	1120180.000	1125180.000	1105180.000	5580180.000	ZhanDou_03		
700001.000	1.000	1.000	30.000	5.000	6.000	hebianjunying_done	yewan_03	2.000	4.000	2006043.000	2006043.000	2013043.000	2012043.000		2005043.000	2005043.000	2026043.000	2026043.000	2026043.000	2011043.000	2011043.000	2011043.000	2133043.000	2101043.000	ZhanDou_01		
700002.000	1.000	28.000	30.000	5.000	6.000	hebianjunying_done	yewan_03	2.000	4.000	2021063.000	2021063.000	2012063.000	2012063.000		2008063.000	2013063.000	2013063.000	2009063.000	2013063.000	2001063.000	2012063.000	2012063.000	2113063.000	2144063.000	ZhanDou_01		
700003.000	1.000	46.000	30.000	5.000	6.000	hebianjunying_done	yewan_03	4.000	8.000	2005105.000	2005105.000	2010105.000	2020105.000		2027105.000	2027105.000	2013105.000	2011105.000	2013105.000	2005105.000	2010105.000	2023105.000	2023105.000	2142105.000	ZhanDou_01		
700004.000	1.000	56.000	30.000	5.000	6.000	hebianjunying_done	yewan_03	5.000	10.000	2018129.000	2024129.000	2013129.000	2024129.000		2003129.000	2021129.000	2024129.000	2024129.000	2024129.000	2003129.000	2010129.000	2013129.000	2118129.000	2138129.000	ZhanDou_03		
700005.000	1.000	65.000	30.000	5.000	6.000	hebianjunying_done	yewan_03	5.000	10.000	2004150.000	2013150.000	2010150.000	2013150.000		2004150.000	2003150.000	2016150.000	2016150.000	2026150.000	2012150.000	2012150.000	2004150.000	2131150.000	2143150.000	ZhanDou_03		
700006.000	1.000	75.000	30.000	5.000	6.000	hebianjunying_done	yewan_03	5.000	10.000	2027180.000	2013180.000	2013180.000	2013180.000		2002180.000	2027180.000	2026180.000	2026180.000	2026180.000	2009180.000	2026180.000	2026180.000	2120180.000	2111180.000	ZhanDou_03		
700007.000	1.000	1.000	30.000	5.000	6.000	hebianjunying_done	yewan_03	2.000	4.000	3021036.000	3001036.000	3024036.000	3024036.000		3007036.000	3025036.000	3010036.000	3024036.000	3009036.000	3024036.000	3024036.000	3009036.000	3117036.000	3118036.000	ZhanDou_01		
700008.000	1.000	28.000	30.000	5.000	6.000	hebianjunying_done	yewan_03	2.000	4.000	3018050.000	3013050.000	3013050.000	3013050.000		3018050.000	3012050.000	3026050.000	3024050.000	3024050.000	3010050.000	3026050.000	3013050.000	3111050.000	3120050.000	ZhanDou_02		
700009.000	1.000	46.000	30.000	5.000	6.000	hebianjunying_done	yewan_03	4.000	8.000	3007100.000	3007100.000	3016100.000	3016100.000		3018100.000	3001100.000	3016100.000	3014100.000	3026100.000	3014100.000	3016100.000	3016100.000	3135100.000	3115100.000	ZhanDou_02		
700010.000	1.000	56.000	30.000	5.000	6.000	hebianjunying_done	yewan_03	5.000	10.000	3025115.000	3025115.000	3012115.000	3010115.000		3002115.000	3002115.000	3012115.000	3012115.000	3013115.000	3003115.000	3002115.000	3013115.000	3129115.000	3107115.000	ZhanDou_03		
700011.000	1.000	65.000	30.000	5.000	6.000	hebianjunying_done	yewan_03	5.000	10.000	3018147.000	3020147.000	3026147.000	3020147.000		3018147.000	3002147.000	3020147.000	3026147.000	3026147.000	3020147.000	3010147.000	3020147.000	3113147.000	3142147.000	ZhanDou_01		
700012.000	1.000	75.000	30.000	5.000	6.000	hebianjunying_done	yewan_03	5.000	10.000	3004180.000	3004180.000	3010180.000	3024180.000		3008180.000	3008180.000	3016180.000	3016180.000	3024180.000	3021180.000	3014180.000	3024180.000	3142180.000	3103180.000	ZhanDou_01		
700013.000	1.000	1.000	30.000	5.000	6.000	hebianjunying_done	yewan_03	2.000	4.000	4028045.000	4028045.000	4012045.000	4012045.000		4028045.000	4028045.000	4012045.000	4009045.000	4012045.000	4025045.000	4002045.000	4010045.000	4109045.000	4104045.000	ZhanDou_01		
700014.000	1.000	28.000	30.000	5.000	6.000	hebianjunying_done	yewan_03	2.000	4.000	4028073.000	4028073.000	4024073.000	4012073.000		4028073.000	4028073.000	4012073.000	4012073.000	4024073.000	4022073.000	4010073.000	4026073.000	4141073.000	4103073.000	ZhanDou_03		
700015.000	1.000	46.000	30.000	5.000	6.000	hebianjunying_done	yewan_03	4.000	8.000	4028100.000	4028100.000	4013100.000	4012100.000		4028100.000	4028100.000	4012100.000	4012100.000	4013100.000	4012100.000	4013100.000	4018100.000	4129100.000	4111100.000	ZhanDou_03		
700016.000	1.000	56.000	30.000	5.000	6.000	hebianjunying_done	yewan_03	5.000	10.000	4028130.000	4028130.000	4009130.000	4012130.000		4028130.000	4028130.000	4009130.000	4009130.000	4010130.000	4010130.000	4013130.000	4013130.000	4101130.000	4141130.000	ZhanDou_03		
700017.000	1.000	65.000	30.000	5.000	6.000	hebianjunying_done	yewan_03	5.000	10.000	4028148.000	4028148.000	4009148.000	4010148.000		4028148.000	4028148.000	4023148.000	4023148.000	4010148.000	4012148.000	4023148.000	4023148.000	4117148.000	4102148.000	ZhanDou_01		
700018.000	1.000	75.000	30.000	5.000	6.000	hebianjunying_done	yewan_03	5.000	10.000	4028180.000	4028180.000	4023180.000	4023180.000		4028180.000	4028180.000	4013180.000	4013180.000	4024180.000	4024180.000	4024180.000	4023180.000	4133180.000	4122180.000	ZhanDou_02		
800040.000	1.000	20.000	0.000	-1.000	0.000	taohuayuan_done	yewan_01	2.000	4.000	1003040.000	1003040.000	1020040.000	1020040.000											1120040.000	ZhanDou_01		
800060.000	2.000	30.000	0.000	-1.000	0.000	taohuayuan_done	yewan_02	2.000	5.000	1003060.000	1003060.000	1020060.000	1020060.000											1120060.000	ZhanDou_01		
800070.000	3.000	40.000	0.000	-1.000	0.000	hebianjunying_done	yewan_01	3.000	6.000	1003070.000	1003070.000	1020070.000	1020070.000											1120070.000	ZhanDou_01		
800090.000	4.000	50.000	0.000	-1.000	0.000	wulinzhizhan_done	yewan_01	3.000	7.000	1003090.000	1003090.000	1020090.000	1020090.000											1120090.000	ZhanDou_03		
800100.000	5.000	60.000	0.000	-1.000	0.000	shamo_done	yewan_01	4.000	8.000	1003100.000	1003100.000	1020100.000	1020100.000											1120100.000	ZhanDou_03		
800120.000	6.000	70.000	0.000	-1.000	0.000	taohuayuan_done	yewan_03	4.000	9.000	1003120.000	1003120.000	1020120.000	1020120.000											1120120.000	ZhanDou_03		
800140.000	7.000	80.000	0.000	-1.000	0.000	hebianjunying_done	yewan_02	5.000	10.000	1003140.000	1003140.000	1020140.000	1020140.000											1120140.000	ZhanDou_01		
800160.000	8.000	90.000	0.000	-1.000	0.000	xiagu_done	yewan_01	5.000	10.000	1003160.000	1003160.000	1020160.000	1020160.000											1120160.000	ZhanDou_02		
900026.000	1.000		6.000	-1.000	6.000	juntuan				1003001.000	1006001.000				1001001.000	1009001.000				1003001.000	1011001.000			1990001.000	ZhanDou_02		
1.000	1.000		0.000	-1.000	0.000	chengmenzhizhan_done	baitian_01	5.000	10.000	5010001.000	5010002.000	5010003.000	5010004.000	5010005.000										5010005.000	ZhanDou_03		