//名称	编号	脚本ID	品质（白绿蓝紫橙）	类型	物品模型编号(男)	物品模型编号(女)	最大耐久度	耐久改变方式	耐久改变数	叠加数量	购入货币类型	购买价格	出售货币类型	出售价格	使用门派	等级需求	性别需求	可否锻造(升品质)	可否强化	可否鉴定(重置属性条数)重置	可否洗练	可否精炼(升星)	可否升级(如:20升级30级)	可否打孔	可否摘宝石	可否洗星	可否丢弃	可否卖店	可否交易	可否修理	可否存仓库	死亡掉落	可否使用	可否鉴定	冷却时间	冷却组	吟唱时间（毫秒）	道具颜色类型	任务关联	任务关联数量	图标编号	地上模型号	宝石类型	绑定类型（）	物品说明
人族长枪	110101	0	1	101	151	151	100	0	0	1	1	5	0	5	1	1	0	0	0	0	0	0	0	0	0	0	1	1	0	0	0	0	1	0	0	0	0	1	0	0	110101	1	0	1	人族战士经常使用的普通武器
银饰长枪	110102	0	2	101	152	152	100	0	0	1	1	5	0	5	1	1	0	0	0	0	0	0	0	0	0	0	1	1	0	0	0	0	1	0	0	0	0	1	0	0	110101	1	0	1	用纯银灌注对恶魔有额外杀伤力
黄金长枪	110103	0	3	101	152	152	100	0	0	1	1	5	0	5	1	1	0	0	0	0	0	0	0	0	0	0	1	1	0	0	0	0	1	0	0	0	0	1	0	0	110101	1	0	1	用黄金打造武器对所有生物都有强大杀伤力
水晶长枪	110104	0	4	101	152	152	100	0	0	1	1	5	0	5	1	1	0	0	0	0	0	0	0	0	0	0	1	1	0	0	0	0	1	0	0	0	0	1	0	0	110102	1	0	1	采用远古水晶锻造的武器，晶莹剔透无比锋利
圣翼长枪	110105	0	5	101	152	152	100	0	0	1	1	5	0	5	1	1	0	0	0	0	0	0	0	0	0	0	1	1	0	0	0	0	1	0	0	0	0	1	0	0	110102	1	0	1	第一次混沌战争中勇者说实用的武器，当你握住她将获得无穷的力量
神喻长枪	110106	0	6	101	152	152	100	0	0	1	1	5	0	5	1	1	0	0	0	0	0	0	0	0	0	0	1	1	0	0	0	0	1	0	0	0	0	1	0	0	110102	1	0	1	被天使祝福过的武器，圣光会始终环绕在武器周围
秩序长枪	110107	0	7	101	152	152	100	0	0	1	1	5	0	5	1	1	0	0	0	0	0	0	0	0	0	0	1	1	0	0	0	0	1	0	0	0	0	1	0	0	110103	1	0	1	象征秩序和自由的武器，只有无比的勇气和智慧才能驾驭她。
王权长枪	110108	0	8	101	152	152	100	0	0	1	1	5	0	5	1	1	0	0	0	0	0	0	0	0	0	0	1	1	0	0	0	0	1	0	0	0	0	1	0	0	110103	1	0	1	象征权利和勇气的武器，当你使用她是会看到王者的英灵
皇族长枪	110109	0	9	101	152	152	100	0	0	1	1	5	0	5	1	1	0	0	0	0	0	0	0	0	0	0	1	1	0	0	0	0	1	0	0	0	0	1	0	0	110104	1	0	1	刻有伟大皇族徽记的圣器，当你握住她是也同时证明你有统治人类的权利。
诸神长枪	110110	0	10	101	152	152	100	0	0	1	1	5	0	5	1	1	0	0	0	0	0	0	0	0	0	0	1	1	0	0	0	0	1	0	0	0	0	1	0	0	110105	1	0	1	第一次混沌战争中，诸神所佩神器，被神之血灌注拥有无比强大的能力！
注灵之戟	110201	0	1	112	0	0	100	0	0	1	1	5	0	5	1	1	0	0	0	0	0	0	0	0	0	0	1	1	0	0	0	0	1	0	0	0	0	1	0	0	110001	1	0	1	用来禁锢征服的灵魂，获得英雄变身
纯银之戟	110202	0	2	112	0	0	100	0	0	1	1	5	0	5	1	1	0	0	0	0	0	0	0	0	0	0	1	1	0	0	0	0	1	0	0	0	0	1	0	0	110001	1	0	1	纯银打造，用户灌注英雄之魂的容器，装备后可获得变身能力
黄金之戟	110203	0	3	112	0	0	100	0	0	1	1	5	0	5	1	1	0	0	0	0	0	0	0	0	0	0	1	1	0	0	0	0	1	0	0	0	0	1	0	0	110001	1	0	1	使用黄金打造，用于收藏英雄之魂的华丽容器，装备后可获得变身能力
水晶之戟	110204	0	4	112	0	0	100	0	0	1	1	5	0	5	1	1	0	0	0	0	0	0	0	0	0	0	1	1	0	0	0	0	1	0	0	0	0	1	0	0	110001	1	0	1	采用远古水晶锻造的武器，装备后可获得变身能力
圣翼之戟	110205	0	5	112	0	0	100	0	0	1	1	5	0	5	1	1	0	0	0	0	0	0	0	0	0	0	1	1	0	0	0	0	1	0	0	0	0	1	0	0	110001	1	0	1	刻有天使之翼的圣器，据说封印了天使之魂。装备后可获得变身能力
神喻之戟	110206	0	6	112	0	0	100	0	0	1	1	5	0	5	1	1	0	0	0	0	0	0	0	0	0	0	1	1	0	0	0	0	1	0	0	0	0	1	0	0	110001	1	0	1	被众神祝福过得圣器，装备后可获得变身能力
秩序之戟	110207	0	7	112	0	0	100	0	0	1	1	5	0	5	1	1	0	0	0	0	0	0	0	0	0	0	1	1	0	0	0	0	1	0	0	0	0	1	0	0	110001	1	0	1	封印了秩序之神的容器，装备后可获得变身能力
王权之戟	110208	0	8	112	0	0	100	0	0	1	1	5	0	5	1	1	0	0	0	0	0	0	0	0	0	0	1	1	0	0	0	0	1	0	0	0	0	1	0	0	110001	1	0	1	封印了人类王者的容器，装备后可获得变身能力
皇族之戟	110209	0	9	112	0	0	100	0	0	1	1	5	0	5	1	1	0	0	0	0	0	0	0	0	0	0	1	1	0	0	0	0	1	0	0	0	0	1	0	0	110001	1	0	1	刻有皇族徽记的容器，装备后可获得变身能力
诸神之戟	110210	0	10	112	0	0	100	0	0	1	1	5	0	5	1	1	0	0	0	0	0	0	0	0	0	0	1	1	0	0	0	0	1	0	0	0	0	1	0	0	110001	1	0	1	传说在第一次混沌战争中诸神使用的圣器，装备后可获得变身能力
信赖权杖	110301	0	1	113	0	0	100	0	0	1	1	5	0	5	1	1	0	0	0	0	0	0	0	0	0	0	1	1	0	0	0	0	1	0	0	0	0	1	0	0	110002	1	0	1	战士徽章，获得英雄跟随
纯银权杖	110302	0	2	113	0	0	100	0	0	1	1	5	0	5	1	1	0	0	0	0	0	0	0	0	0	0	1	1	0	0	0	0	1	0	0	0	0	1	0	0	110002	1	0	1	用纯银雕饰的徽记，装备后开启英雄跟随。
黄金权杖	110303	0	3	113	0	0	100	0	0	1	1	5	0	5	1	1	0	0	0	0	0	0	0	0	0	0	1	1	0	0	0	0	1	0	0	0	0	1	0	0	110002	1	0	1	使用黄金打造的徽记，装备后开启英雄跟随。
水晶权杖	110304	0	4	113	0	0	100	0	0	1	1	5	0	5	1	1	0	0	0	0	0	0	0	0	0	0	1	1	0	0	0	0	1	0	0	0	0	1	0	0	110002	1	0	1	镶嵌有远古水晶的徽记，装备后开启英雄跟随。
圣翼权杖	110305	0	5	113	0	0	100	0	0	1	1	5	0	5	1	1	0	0	0	0	0	0	0	0	0	0	1	1	0	0	0	0	1	0	0	0	0	1	0	0	110002	1	0	1	镶嵌有天使之翼的徽记，装备后开启英雄跟随。
神喻权杖	110306	0	6	113	0	0	100	0	0	1	1	5	0	5	1	1	0	0	0	0	0	0	0	0	0	0	1	1	0	0	0	0	1	0	0	0	0	1	0	0	110002	1	0	1	刻有无上神预的徽记，装备后开启英雄跟随。
秩序权杖	110307	0	7	113	0	0	100	0	0	1	1	5	0	5	1	1	0	0	0	0	0	0	0	0	0	0	1	1	0	0	0	0	1	0	0	0	0	1	0	0	110002	1	0	1	镶嵌秩序和勇气宝石的徽记，装备后开启英雄跟随。
王权权杖	110308	0	8	113	0	0	100	0	0	1	1	5	0	5	1	1	0	0	0	0	0	0	0	0	0	0	1	1	0	0	0	0	1	0	0	0	0	1	0	0	110002	1	0	1	曾经是人族王权的象征，王者将他握在左手象征权力，装备后开启英雄跟随。
皇族权杖	110309	0	9	113	0	0	100	0	0	1	1	5	0	5	1	1	0	0	0	0	0	0	0	0	0	0	1	1	0	0	0	0	1	0	0	0	0	1	0	0	110002	1	0	1	曾经是人类皇族的徽记，只有皇族血统的人才能使用她，装备后开启英雄跟随。
诸神权杖	110310	0	10	113	0	0	100	0	0	1	1	5	0	5	1	1	0	0	0	0	0	0	0	0	0	0	1	1	0	0	0	0	1	0	0	0	0	1	0	0	110002	1	0	1	只有诸神才能使用的徽记，象征无上的神权，装备后开启英雄跟随。
普通头冠	110401	0	1	102	101	101	100	0	0	1	1	5	0	5	1	1	0	0	0	0	0	0	0	0	0	0	1	1	0	0	0	0	1	0	0	0	0	1	0	0	110401	1	0	1	人类最基础的头冠，防御力低
纯银头冠	110402	0	2	102	102	102	100	0	0	1	1	5	0	5	1	1	0	0	0	0	0	0	0	0	0	0	1	1	0	0	0	0	1	0	0	0	0	1	0	0	110401	1	0	1	纯银打造的头冠，防御力稍高
黄金头冠	110403	0	3	102	102	102	100	0	0	1	1	5	0	5	1	1	0	0	0	0	0	0	0	0	0	0	1	1	0	0	0	0	1	0	0	0	0	1	0	0	110401	1	0	1	黄金打造的头冠，可以有效的防御普通攻击
水晶头冠	110404	0	4	102	102	102	100	0	0	1	1	5	0	5	1	1	0	0	0	0	0	0	0	0	0	0	1	1	0	0	0	0	1	0	0	0	0	1	0	0	110402	1	0	1	用远古水晶打造的头冠，对魔法攻击抗性很高
圣翼头冠	110405	0	5	102	102	102	100	0	0	1	1	5	0	5	1	1	0	0	0	0	0	0	0	0	0	0	1	1	0	0	0	0	1	0	0	0	0	1	0	0	110402	1	0	1	拥有天使祝福的头冠，对所有恶魔都有震慑之力
神喻头冠	110406	0	6	102	102	102	100	0	0	1	1	5	0	5	1	1	0	0	0	0	0	0	0	0	0	0	1	1	0	0	0	0	1	0	0	0	0	1	0	0	110402	1	0	1	当你拥有这件头冠是可以听到天神的低语
秩序头冠	110407	0	7	102	102	102	100	0	0	1	1	5	0	5	1	1	0	0	0	0	0	0	0	0	0	0	1	1	0	0	0	0	1	0	0	0	0	1	0	0	110403	1	0	1	象征秩序和自由的头冠，只有无比的勇气和智慧才能驾驭她。
王权头冠	110408	0	8	102	102	102	100	0	0	1	1	5	0	5	1	1	0	0	0	0	0	0	0	0	0	0	1	1	0	0	0	0	1	0	0	0	0	1	0	0	110403	1	0	1	人类先王所拥有的头冠，穿上它后会获得先王的祝福
皇族头冠	110409	0	9	102	102	102	100	0	0	1	1	5	0	5	1	1	0	0	0	0	0	0	0	0	0	0	1	1	0	0	0	0	1	0	0	0	0	1	0	0	110404	1	0	1	当你拥有绝对皇权时即可使用这件头冠，所有人类都将听命与你。
诸神头冠	110410	0	10	102	102	102	100	0	0	1	1	5	0	5	1	1	0	0	0	0	0	0	0	0	0	0	1	1	0	0	0	0	1	0	0	0	0	1	0	0	110405	1	0	1	第一次混沌战争中，诸神所穿戴的头冠，被神之血灌注拥有无比强大的能力！
普通战衣	110501	0	1	107	101	101	100	0	0	1	1	5	0	5	1	1	0	0	0	0	0	0	0	0	0	0	1	1	0	0	0	0	1	0	0	0	0	1	0	0	110501	1	0	1	人类最基础的战衣，防御力低
纯银战衣	110502	0	2	107	102	102	100	0	0	1	1	5	0	5	1	1	0	0	0	0	0	0	0	0	0	0	1	1	0	0	0	0	1	0	0	0	0	1	0	0	110501	1	0	1	纯银打造的战衣，防御力稍高
黄金战衣	110503	0	3	107	102	102	100	0	0	1	1	5	0	5	1	1	0	0	0	0	0	0	0	0	0	0	1	1	0	0	0	0	1	0	0	0	0	1	0	0	110501	1	0	1	黄金打造的战衣，可以有效的防御普通攻击
水晶战衣	110504	0	4	107	102	102	100	0	0	1	1	5	0	5	1	1	0	0	0	0	0	0	0	0	0	0	1	1	0	0	0	0	1	0	0	0	0	1	0	0	110502	1	0	1	用远古水晶打造的战衣，对魔法攻击抗性很高
圣翼战衣	110505	0	5	107	102	102	100	0	0	1	1	5	0	5	1	1	0	0	0	0	0	0	0	0	0	0	1	1	0	0	0	0	1	0	0	0	0	1	0	0	110502	1	0	1	拥有天使祝福的战衣，对所有恶魔都有震慑之力
神喻战衣	110506	0	6	107	102	102	100	0	0	1	1	5	0	5	1	1	0	0	0	0	0	0	0	0	0	0	1	1	0	0	0	0	1	0	0	0	0	1	0	0	110502	1	0	1	当你拥有这件战衣是可以听到天神的低语
秩序战衣	110507	0	7	107	102	102	100	0	0	1	1	5	0	5	1	1	0	0	0	0	0	0	0	0	0	0	1	1	0	0	0	0	1	0	0	0	0	1	0	0	110503	1	0	1	象征秩序和自由的战衣，只有无比的勇气和智慧才能驾驭她。
王权战衣	110508	0	8	107	102	102	100	0	0	1	1	5	0	5	1	1	0	0	0	0	0	0	0	0	0	0	1	1	0	0	0	0	1	0	0	0	0	1	0	0	110503	1	0	1	人类先王所拥有的战衣，穿上它后会获得先王的祝福
皇族战衣	110509	0	9	107	102	102	100	0	0	1	1	5	0	5	1	1	0	0	0	0	0	0	0	0	0	0	1	1	0	0	0	0	1	0	0	0	0	1	0	0	110504	1	0	1	当你拥有绝对皇权时即可使用这件战衣，所有人类都将听命与你。
诸神战衣	110510	0	10	107	102	102	100	0	0	1	1	5	0	5	1	1	0	0	0	0	0	0	0	0	0	0	1	1	0	0	0	0	1	0	0	0	0	1	0	0	110505	1	0	1	第一次混沌战争中，诸神所穿戴的战衣，被神之血灌注拥有无比强大的能力！
普通护肩	110601	0	1	104	101	101	100	0	0	1	1	5	0	5	1	1	0	0	0	0	0	0	0	0	0	0	1	1	0	0	0	0	1	0	0	0	0	1	0	0	110601	1	0	1	人类最基础的护肩，防御力低
纯银护肩	110602	0	2	104	102	102	100	0	0	1	1	5	0	5	1	1	0	0	0	0	0	0	0	0	0	0	1	1	0	0	0	0	1	0	0	0	0	1	0	0	110601	1	0	1	纯银打造的护肩，防御力稍高
黄金护肩	110603	0	3	104	102	102	100	0	0	1	1	5	0	5	1	1	0	0	0	0	0	0	0	0	0	0	1	1	0	0	0	0	1	0	0	0	0	1	0	0	110601	1	0	1	黄金打造的护肩，可以有效的防御普通攻击
水晶护肩	110604	0	4	104	102	102	100	0	0	1	1	5	0	5	1	1	0	0	0	0	0	0	0	0	0	0	1	1	0	0	0	0	1	0	0	0	0	1	0	0	110602	1	0	1	用远古水晶打造的护肩，对魔法攻击抗性很高
圣翼护肩	110605	0	5	104	102	102	100	0	0	1	1	5	0	5	1	1	0	0	0	0	0	0	0	0	0	0	1	1	0	0	0	0	1	0	0	0	0	1	0	0	110602	1	0	1	拥有天使祝福的护肩，对所有恶魔都有震慑之力
神喻护肩	110606	0	6	104	102	102	100	0	0	1	1	5	0	5	1	1	0	0	0	0	0	0	0	0	0	0	1	1	0	0	0	0	1	0	0	0	0	1	0	0	110602	1	0	1	当你拥有这件护肩是可以听到天神的低语
秩序护肩	110607	0	7	104	102	102	100	0	0	1	1	5	0	5	1	1	0	0	0	0	0	0	0	0	0	0	1	1	0	0	0	0	1	0	0	0	0	1	0	0	110603	1	0	1	象征秩序和自由的护肩，只有无比的勇气和智慧才能驾驭她。
王权护肩	110608	0	8	104	102	102	100	0	0	1	1	5	0	5	1	1	0	0	0	0	0	0	0	0	0	0	1	1	0	0	0	0	1	0	0	0	0	1	0	0	110603	1	0	1	人类先王所拥有的护肩，穿上它后会获得先王的祝福
皇族护肩	110609	0	9	104	102	102	100	0	0	1	1	5	0	5	1	1	0	0	0	0	0	0	0	0	0	0	1	1	0	0	0	0	1	0	0	0	0	1	0	0	110604	1	0	1	当你拥有绝对皇权时即可使用这件护肩，所有人类都将听命与你。
诸神护肩	110610	0	10	104	102	102	100	0	0	1	1	5	0	5	1	1	0	0	0	0	0	0	0	0	0	0	1	1	0	0	0	0	1	0	0	0	0	1	0	0	110605	1	0	1	第一次混沌战争中，诸神所穿戴的护肩，被神之血灌注拥有无比强大的能力！
普通战裤	110701	0	1	106	101	101	100	0	0	1	1	5	0	5	1	1	0	0	0	0	0	0	0	0	0	0	1	1	0	0	0	0	1	0	0	0	0	1	0	0	110701	1	0	1	人类最基础的战裤，防御力低
纯银战裤	110702	0	2	106	102	102	100	0	0	1	1	5	0	5	1	1	0	0	0	0	0	0	0	0	0	0	1	1	0	0	0	0	1	0	0	0	0	1	0	0	110701	1	0	1	纯银打造的战裤，防御力稍高
黄金战裤	110703	0	3	106	102	102	100	0	0	1	1	5	0	5	1	1	0	0	0	0	0	0	0	0	0	0	1	1	0	0	0	0	1	0	0	0	0	1	0	0	110701	1	0	1	黄金打造的战裤，可以有效的防御普通攻击
水晶战裤	110704	0	4	106	102	102	100	0	0	1	1	5	0	5	1	1	0	0	0	0	0	0	0	0	0	0	1	1	0	0	0	0	1	0	0	0	0	1	0	0	110702	1	0	1	用远古水晶打造的战裤，对魔法攻击抗性很高
圣翼战裤	110705	0	5	106	102	102	100	0	0	1	1	5	0	5	1	1	0	0	0	0	0	0	0	0	0	0	1	1	0	0	0	0	1	0	0	0	0	1	0	0	110702	1	0	1	拥有天使祝福的战裤，对所有恶魔都有震慑之力
神喻战裤	110706	0	6	106	102	102	100	0	0	1	1	5	0	5	1	1	0	0	0	0	0	0	0	0	0	0	1	1	0	0	0	0	1	0	0	0	0	1	0	0	110702	1	0	1	当你拥有这件战裤是可以听到天神的低语
秩序战裤	110707	0	7	106	102	102	100	0	0	1	1	5	0	5	1	1	0	0	0	0	0	0	0	0	0	0	1	1	0	0	0	0	1	0	0	0	0	1	0	0	110703	1	0	1	象征秩序和自由的战裤，只有无比的勇气和智慧才能驾驭她。
王权战裤	110708	0	8	106	102	102	100	0	0	1	1	5	0	5	1	1	0	0	0	0	0	0	0	0	0	0	1	1	0	0	0	0	1	0	0	0	0	1	0	0	110703	1	0	1	人类先王所拥有的战裤，穿上它后会获得先王的祝福
皇族战裤	110709	0	9	106	102	102	100	0	0	1	1	5	0	5	1	1	0	0	0	0	0	0	0	0	0	0	1	1	0	0	0	0	1	0	0	0	0	1	0	0	110704	1	0	1	当你拥有绝对皇权时即可使用这件战裤，所有人类都将听命与你。
诸神战裤	110710	0	10	106	102	102	100	0	0	1	1	5	0	5	1	1	0	0	0	0	0	0	0	0	0	0	1	1	0	0	0	0	1	0	0	0	0	1	0	0	110705	1	0	1	第一次混沌战争中，诸神所穿戴的战裤，被神之血灌注拥有无比强大的能力！
普通手套	110801	0	1	103	101	101	100	0	0	1	1	5	0	5	1	1	0	0	0	0	0	0	0	0	0	0	1	1	0	0	0	0	1	0	0	0	0	1	0	0	110801	1	0	1	人类最基础的手套，防御力低
纯银手套	110802	0	2	103	102	102	100	0	0	1	1	5	0	5	1	1	0	0	0	0	0	0	0	0	0	0	1	1	0	0	0	0	1	0	0	0	0	1	0	0	110801	1	0	1	纯银打造的手套，防御力稍高
黄金手套	110803	0	3	103	102	102	100	0	0	1	1	5	0	5	1	1	0	0	0	0	0	0	0	0	0	0	1	1	0	0	0	0	1	0	0	0	0	1	0	0	110801	1	0	1	黄金打造的手套，可以有效的防御普通攻击
水晶手套	110804	0	4	103	102	102	100	0	0	1	1	5	0	5	1	1	0	0	0	0	0	0	0	0	0	0	1	1	0	0	0	0	1	0	0	0	0	1	0	0	110802	1	0	1	用远古水晶打造的手套，对魔法攻击抗性很高
圣翼手套	110805	0	5	103	102	102	100	0	0	1	1	5	0	5	1	1	0	0	0	0	0	0	0	0	0	0	1	1	0	0	0	0	1	0	0	0	0	1	0	0	110802	1	0	1	拥有天使祝福的手套，对所有恶魔都有震慑之力
神喻手套	110806	0	6	103	102	102	100	0	0	1	1	5	0	5	1	1	0	0	0	0	0	0	0	0	0	0	1	1	0	0	0	0	1	0	0	0	0	1	0	0	110802	1	0	1	当你拥有这件手套是可以听到天神的低语
秩序手套	110807	0	7	103	102	102	100	0	0	1	1	5	0	5	1	1	0	0	0	0	0	0	0	0	0	0	1	1	0	0	0	0	1	0	0	0	0	1	0	0	110803	1	0	1	象征秩序和自由的手套，只有无比的勇气和智慧才能驾驭她。
王权手套	110808	0	8	103	102	102	100	0	0	1	1	5	0	5	1	1	0	0	0	0	0	0	0	0	0	0	1	1	0	0	0	0	1	0	0	0	0	1	0	0	110803	1	0	1	人类先王所拥有的手套，穿上它后会获得先王的祝福
皇族手套	110809	0	9	103	102	102	100	0	0	1	1	5	0	5	1	1	0	0	0	0	0	0	0	0	0	0	1	1	0	0	0	0	1	0	0	0	0	1	0	0	110804	1	0	1	当你拥有绝对皇权时即可使用这件手套，所有人类都将听命与你。
诸神手套	110810	0	10	103	102	102	100	0	0	1	1	5	0	5	1	1	0	0	0	0	0	0	0	0	0	0	1	1	0	0	0	0	1	0	0	0	0	1	0	0	110805	1	0	1	第一次混沌战争中，诸神所穿戴的手套，被神之血灌注拥有无比强大的能力！
狼族利刃	120101	0	1	101	251	251	100	0	0	1	1	5	0	5	2	1	0	0	0	0	0	0	0	0	0	0	1	1	0	0	0	0	1	0	0	0	0	1	0	0	120101	5001	0	1	狼族战士经常使用的武器
战争利刃	120102	0	2	101	252	252	100	0	0	1	1	5	0	5	2	1	0	0	0	0	0	0	0	0	0	0	1	1	0	0	0	0	1	0	0	0	0	1	0	0	120101	1	0	1	曾经暗影狼族战士使用的武器
丛林利刃	120103	0	3	101	252	252	100	0	0	1	1	5	0	5	2	1	0	0	0	0	0	0	0	0	0	0	1	1	0	0	0	0	1	0	0	0	0	1	0	0	120101	1	0	1	精英狼族特殊部队使用的武器
苍月利刃	120104	0	4	101	252	252	100	0	0	1	1	5	0	5	2	1	0	0	0	0	0	0	0	0	0	0	1	1	0	0	0	0	1	0	0	0	0	1	0	0	120102	1	0	1	只有真正的狼人勇士才能有用的武器
暗影利刃	120105	0	5	101	252	252	100	0	0	1	1	5	0	5	2	1	0	0	0	0	0	0	0	0	0	0	1	1	0	0	0	0	1	0	0	0	0	1	0	0	120102	1	0	1	兽人王大战恶龙时所用的武器
萨满利刃	120106	0	6	101	252	252	100	0	0	1	1	5	0	5	2	1	0	0	0	0	0	0	0	0	0	0	1	1	0	0	0	0	1	0	0	0	0	1	0	0	120102	1	0	1	神官萨罗斯的专属武器  他的死 换来的兽人族的和平
混沌利刃	120107	0	7	101	252	252	100	0	0	1	1	5	0	5	2	1	0	0	0	0	0	0	0	0	0	0	1	1	0	0	0	0	1	0	0	0	0	1	0	0	120103	1	0	1	兽人王洛萨费的在比蒙战斗部队时使用的武器
霸权利刃	120108	0	8	101	252	252	100	0	0	1	1	5	0	5	2	1	0	0	0	0	0	0	0	0	0	0	1	1	0	0	0	0	1	0	0	0	0	1	0	0	120103	1	0	1	兽人族比蒙王在诸神之战中丢失的武器
兽王利刃	120109	0	9	101	252	252	100	0	0	1	1	5	0	5	2	1	0	0	0	0	0	0	0	0	0	0	1	1	0	0	0	0	1	0	0	0	0	1	0	0	120104	1	0	1	曾经兽人王萨尔菲戈一世最珍爱的武器
诸神利刃	120110	0	10	101	252	252	100	0	0	1	1	5	0	5	2	1	0	0	0	0	0	0	0	0	0	0	1	1	0	0	0	0	1	0	0	0	0	1	0	0	120105	1	0	1	第一次混沌战争中，诸神所佩神器，被神之血灌注拥有无比强大的能力！
兽灵刺刀	120201	0	1	112	0	0	100	0	0	1	1	5	0	5	2	1	0	0	0	0	0	0	0	0	0	0	1	1	0	0	0	0	1	0	0	0	0	1	0	0	110001	1	0	1	用来禁锢征服的灵魂，获得英雄变身
战争刺刀	120202	0	2	112	0	0	100	0	0	1	1	5	0	5	2	1	0	0	0	0	0	0	0	0	0	0	1	1	0	0	0	0	1	0	0	0	0	1	0	0	110001	1	0	1	曾经暗影狼族战士使用的灵魂容器，装备武器后，开启英雄变身
丛林刺刀	120203	0	3	112	0	0	100	0	0	1	1	5	0	5	2	1	0	0	0	0	0	0	0	0	0	0	1	1	0	0	0	0	1	0	0	0	0	1	0	0	110001	1	0	1	精英狼族特殊部队使用的灵魂容器，装备武器后，开启英雄变身
苍月刺刀	120204	0	4	112	0	0	100	0	0	1	1	5	0	5	2	1	0	0	0	0	0	0	0	0	0	0	1	1	0	0	0	0	1	0	0	0	0	1	0	0	110001	1	0	1	只有真正的狼人勇士才能有用的灵魂容器，装备武器后，开启英雄变身
暗影刺刀	120205	0	5	112	0	0	100	0	0	1	1	5	0	5	2	1	0	0	0	0	0	0	0	0	0	0	1	1	0	0	0	0	1	0	0	0	0	1	0	0	110001	1	0	1	兽人王大战恶龙时所用的灵魂容器，装备武器后，开启英雄变身
萨满刺刀	120206	0	6	112	0	0	100	0	0	1	1	5	0	5	2	1	0	0	0	0	0	0	0	0	0	0	1	1	0	0	0	0	1	0	0	0	0	1	0	0	110001	1	0	1	神官萨罗斯的专属灵魂容器，装备武器后，开启英雄变身。他的死 换来的兽人族的和平
混沌刺刀	120207	0	7	112	0	0	100	0	0	1	1	5	0	5	2	1	0	0	0	0	0	0	0	0	0	0	1	1	0	0	0	0	1	0	0	0	0	1	0	0	110001	1	0	1	兽人王洛萨费的在比蒙战斗部队时使用的灵魂容器，装备武器后，开启英雄变身
霸权刺刀	120208	0	8	112	0	0	100	0	0	1	1	5	0	5	2	1	0	0	0	0	0	0	0	0	0	0	1	1	0	0	0	0	1	0	0	0	0	1	0	0	110001	1	0	1	兽人族比蒙王在诸神之战中丢失的灵魂容器，装备武器后，开启英雄变身
兽王刺刀	120209	0	9	112	0	0	100	0	0	1	1	5	0	5	2	1	0	0	0	0	0	0	0	0	0	0	1	1	0	0	0	0	1	0	0	0	0	1	0	0	110001	1	0	1	曾经兽人王萨尔菲戈一世最珍爱的灵魂容器，装备武器后，开启英雄变身
诸神刺刀	120210	0	10	112	0	0	100	0	0	1	1	5	0	5	2	1	0	0	0	0	0	0	0	0	0	0	1	1	0	0	0	0	1	0	0	0	0	1	0	0	110001	1	0	1	第一次混沌战争中，诸神所佩灵魂容器，装备武器后，开启英雄变身
灵魂弯刀	120301	0	1	113	0	0	100	0	0	1	1	5	0	5	2	1	0	0	0	0	0	0	0	0	0	0	1	1	0	0	0	0	1	0	0	0	0	1	0	0	110002	1	0	1	战士徽章，获得英雄跟随
战争弯刀	120302	0	2	113	0	0	100	0	0	1	1	5	0	5	2	1	0	0	0	0	0	0	0	0	0	0	1	1	0	0	0	0	1	0	0	0	0	1	0	0	110002	1	0	1	曾经暗影狼族战士使用的徽记，装备武器后，开启英雄跟随
丛林弯刀	120303	0	3	113	0	0	100	0	0	1	1	5	0	5	2	1	0	0	0	0	0	0	0	0	0	0	1	1	0	0	0	0	1	0	0	0	0	1	0	0	110002	1	0	1	精英狼族特殊部队使用的徽记，装备武器后，开启英雄跟随
苍月弯刀	120304	0	4	113	0	0	100	0	0	1	1	5	0	5	2	1	0	0	0	0	0	0	0	0	0	0	1	1	0	0	0	0	1	0	0	0	0	1	0	0	110002	1	0	1	只有真正的狼人勇士才能有用的徽记，装备武器后，开启英雄跟随
暗影弯刀	120305	0	5	113	0	0	100	0	0	1	1	5	0	5	2	1	0	0	0	0	0	0	0	0	0	0	1	1	0	0	0	0	1	0	0	0	0	1	0	0	110002	1	0	1	兽人王大战恶龙时所用的徽记，装备武器后，开启英雄跟随
萨满弯刀	120306	0	6	113	0	0	100	0	0	1	1	5	0	5	2	1	0	0	0	0	0	0	0	0	0	0	1	1	0	0	0	0	1	0	0	0	0	1	0	0	110002	1	0	1	神官萨罗斯的专属徽记，装备武器后，开启英雄跟随  他的死 换来的兽人族的和平
混沌弯刀	120307	0	7	113	0	0	100	0	0	1	1	5	0	5	2	1	0	0	0	0	0	0	0	0	0	0	1	1	0	0	0	0	1	0	0	0	0	1	0	0	110002	1	0	1	兽人王洛萨费的在比蒙战斗部队时使用的徽记，装备武器后，开启英雄跟随
霸权弯刀	120308	0	8	113	0	0	100	0	0	1	1	5	0	5	2	1	0	0	0	0	0	0	0	0	0	0	1	1	0	0	0	0	1	0	0	0	0	1	0	0	110002	1	0	1	兽人族比蒙王在诸神之战中丢失的徽记，装备武器后，开启英雄跟随
兽王弯刀	120309	0	9	113	0	0	100	0	0	1	1	5	0	5	2	1	0	0	0	0	0	0	0	0	0	0	1	1	0	0	0	0	1	0	0	0	0	1	0	0	110002	1	0	1	曾经兽人王萨尔菲戈一世最珍爱的徽记，装备武器后，开启英雄跟随
诸神弯刀	120310	0	10	113	0	0	100	0	0	1	1	5	0	5	2	1	0	0	0	0	0	0	0	0	0	0	1	1	0	0	0	0	1	0	0	0	0	1	0	0	110002	1	0	1	第一次混沌战争中，诸神所佩徽记。装备武器后，开启英雄跟随
狼族头盔	120401	0	1	102	201	201	100	0	0	1	1	5	0	5	2	1	0	0	0	0	0	0	0	0	0	0	1	1	0	0	0	0	1	0	0	0	0	1	0	0	120401	1	0	1	狼族战士经常使用的头盔
战争头盔	120402	0	2	102	202	202	100	0	0	1	1	5	0	5	2	1	0	0	0	0	0	0	0	0	0	0	1	1	0	0	0	0	1	0	0	0	0	1	0	0	120401	1	0	1	曾经暗影狼族战士使用的头盔
丛林头盔	120403	0	3	102	202	202	100	0	0	1	1	5	0	5	2	1	0	0	0	0	0	0	0	0	0	0	1	1	0	0	0	0	1	0	0	0	0	1	0	0	120401	1	0	1	精英狼族特殊部队使用的头盔
苍月头盔	120404	0	4	102	202	202	100	0	0	1	1	5	0	5	2	1	0	0	0	0	0	0	0	0	0	0	1	1	0	0	0	0	1	0	0	0	0	1	0	0	120402	1	0	1	只有真正的狼人勇士才能有用的头盔
暗影头盔	120405	0	5	102	202	202	100	0	0	1	1	5	0	5	2	1	0	0	0	0	0	0	0	0	0	0	1	1	0	0	0	0	1	0	0	0	0	1	0	0	120402	1	0	1	兽人王大战恶龙时所用的头盔
萨满头盔	120406	0	6	102	202	202	100	0	0	1	1	5	0	5	2	1	0	0	0	0	0	0	0	0	0	0	1	1	0	0	0	0	1	0	0	0	0	1	0	0	120402	1	0	1	神官萨罗斯的专属头盔  他的死 换来的兽人族的和平
混沌头盔	120407	0	7	102	202	202	100	0	0	1	1	5	0	5	2	1	0	0	0	0	0	0	0	0	0	0	1	1	0	0	0	0	1	0	0	0	0	1	0	0	120403	1	0	1	兽人王洛萨费的在比蒙战斗部队时使用的头盔
霸权头盔	120408	0	8	102	202	202	100	0	0	1	1	5	0	5	2	1	0	0	0	0	0	0	0	0	0	0	1	1	0	0	0	0	1	0	0	0	0	1	0	0	120403	1	0	1	兽人族比蒙王在诸神之战中丢失的头盔
兽王头盔	120409	0	9	102	202	202	100	0	0	1	1	5	0	5	2	1	0	0	0	0	0	0	0	0	0	0	1	1	0	0	0	0	1	0	0	0	0	1	0	0	120404	1	0	1	曾经兽人王萨尔菲戈一世最珍爱的头盔
诸神头盔	120410	0	10	102	202	202	100	0	0	1	1	5	0	5	2	1	0	0	0	0	0	0	0	0	0	0	1	1	0	0	0	0	1	0	0	0	0	1	0	0	120405	1	0	1	第一次混沌战争中，诸神所佩头盔，被神之血灌注拥有无比强大的能力！
狼族战甲	120501	0	1	107	201	201	100	0	0	1	1	5	0	5	2	1	0	0	0	0	0	0	0	0	0	0	1	1	0	0	0	0	1	0	0	0	0	1	0	0	120501	1	0	1	狼族战士经常使用的战甲 防御力一般
战争战甲	120502	0	2	107	202	202	100	0	0	1	1	5	0	5	2	1	0	0	0	0	0	0	0	0	0	0	1	1	0	0	0	0	1	0	0	0	0	1	0	0	120501	1	0	1	曾经暗影狼族战士使用的战甲
丛林战甲	120503	0	3	107	202	202	100	0	0	1	1	5	0	5	2	1	0	0	0	0	0	0	0	0	0	0	1	1	0	0	0	0	1	0	0	0	0	1	0	0	120501	1	0	1	精英狼族特殊部队使用的战甲
苍月战甲	120504	0	4	107	202	202	100	0	0	1	1	5	0	5	2	1	0	0	0	0	0	0	0	0	0	0	1	1	0	0	0	0	1	0	0	0	0	1	0	0	120502	1	0	1	只有真正的狼人勇士才能有用的战甲
暗影战甲	120505	0	5	107	202	202	100	0	0	1	1	5	0	5	2	1	0	0	0	0	0	0	0	0	0	0	1	1	0	0	0	0	1	0	0	0	0	1	0	0	120502	1	0	1	兽人王大战恶龙时所用的战甲
萨满战甲	120506	0	6	107	202	202	100	0	0	1	1	5	0	5	2	1	0	0	0	0	0	0	0	0	0	0	1	1	0	0	0	0	1	0	0	0	0	1	0	0	120502	1	0	1	神官萨罗斯的专属战甲  他的死 换来的兽人族的和平
混沌战甲	120507	0	7	107	202	202	100	0	0	1	1	5	0	5	2	1	0	0	0	0	0	0	0	0	0	0	1	1	0	0	0	0	1	0	0	0	0	1	0	0	120503	1	0	1	兽人王洛萨费的在比蒙战斗部队时使用的战甲
霸权战甲	120508	0	8	107	202	202	100	0	0	1	1	5	0	5	2	1	0	0	0	0	0	0	0	0	0	0	1	1	0	0	0	0	1	0	0	0	0	1	0	0	120503	1	0	1	兽人族比蒙王在诸神之战中丢失的战甲
兽王战甲	120509	0	9	107	202	202	100	0	0	1	1	5	0	5	2	1	0	0	0	0	0	0	0	0	0	0	1	1	0	0	0	0	1	0	0	0	0	1	0	0	120504	1	0	1	曾经兽人王萨尔菲戈一世最珍爱的战甲
诸神战甲	120510	0	10	107	202	202	100	0	0	1	1	5	0	5	2	1	0	0	0	0	0	0	0	0	0	0	1	1	0	0	0	0	1	0	0	0	0	1	0	0	120505	1	0	1	第一次混沌战争中，诸神所佩战甲，被神之血灌注拥有无比强大的能力！
狼族肩甲	120601	0	1	104	201	201	100	0	0	1	1	5	0	5	2	1	0	0	0	0	0	0	0	0	0	0	1	1	0	0	0	0	1	0	0	0	0	1	0	0	120601	1	0	1	狼族战士经常使用的肩甲
战争肩甲	120602	0	2	104	202	202	100	0	0	1	1	5	0	5	2	1	0	0	0	0	0	0	0	0	0	0	1	1	0	0	0	0	1	0	0	0	0	1	0	0	120601	1	0	1	曾经暗影狼族战士使用的肩甲
丛林肩甲	120603	0	3	104	202	202	100	0	0	1	1	5	0	5	2	1	0	0	0	0	0	0	0	0	0	0	1	1	0	0	0	0	1	0	0	0	0	1	0	0	120601	1	0	1	精英狼族特殊部队使用的肩甲
苍月肩甲	120604	0	4	104	202	202	100	0	0	1	1	5	0	5	2	1	0	0	0	0	0	0	0	0	0	0	1	1	0	0	0	0	1	0	0	0	0	1	0	0	120602	1	0	1	只有真正的狼人勇士才能有用的肩甲
暗影肩甲	120605	0	5	104	202	202	100	0	0	1	1	5	0	5	2	1	0	0	0	0	0	0	0	0	0	0	1	1	0	0	0	0	1	0	0	0	0	1	0	0	120602	1	0	1	兽人王大战恶龙时所用的肩甲
萨满肩甲	120606	0	6	104	202	202	100	0	0	1	1	5	0	5	2	1	0	0	0	0	0	0	0	0	0	0	1	1	0	0	0	0	1	0	0	0	0	1	0	0	120602	1	0	1	神官萨罗斯的专属肩甲  他的死 换来的兽人族的和平
混沌肩甲	120607	0	7	104	202	202	100	0	0	1	1	5	0	5	2	1	0	0	0	0	0	0	0	0	0	0	1	1	0	0	0	0	1	0	0	0	0	1	0	0	120603	1	0	1	兽人王洛萨费的在比蒙战斗部队时使用的肩甲
霸权肩甲	120608	0	8	104	202	202	100	0	0	1	1	5	0	5	2	1	0	0	0	0	0	0	0	0	0	0	1	1	0	0	0	0	1	0	0	0	0	1	0	0	120603	1	0	1	兽人族比蒙王在诸神之战中丢失的肩甲
兽王肩甲	120609	0	9	104	202	202	100	0	0	1	1	5	0	5	2	1	0	0	0	0	0	0	0	0	0	0	1	1	0	0	0	0	1	0	0	0	0	1	0	0	120604	1	0	1	曾经兽人王萨尔菲戈一世最珍爱的肩甲
诸神肩甲	120610	0	10	104	202	202	100	0	0	1	1	5	0	5	2	1	0	0	0	0	0	0	0	0	0	0	1	1	0	0	0	0	1	0	0	0	0	1	0	0	120605	1	0	1	第一次混沌战争中，诸神所佩肩甲，被神之血灌注拥有无比强大的能力！
狼族腿甲	120701	0	1	106	201	201	100	0	0	1	1	5	0	5	2	1	0	0	0	0	0	0	0	0	0	0	1	1	0	0	0	0	1	0	0	0	0	1	0	0	120701	1	0	1	狼族战士经常使用的腿甲
战争腿甲	120702	0	2	106	202	202	100	0	0	1	1	5	0	5	2	1	0	0	0	0	0	0	0	0	0	0	1	1	0	0	0	0	1	0	0	0	0	1	0	0	120701	1	0	1	曾经暗影狼族战士使用的腿甲
丛林腿甲	120703	0	3	106	202	202	100	0	0	1	1	5	0	5	2	1	0	0	0	0	0	0	0	0	0	0	1	1	0	0	0	0	1	0	0	0	0	1	0	0	120701	1	0	1	精英狼族特殊部队使用的腿甲
苍月腿甲	120704	0	4	106	202	202	100	0	0	1	1	5	0	5	2	1	0	0	0	0	0	0	0	0	0	0	1	1	0	0	0	0	1	0	0	0	0	1	0	0	120702	1	0	1	只有真正的狼人勇士才能有用的腿甲
暗影腿甲	120705	0	5	106	202	202	100	0	0	1	1	5	0	5	2	1	0	0	0	0	0	0	0	0	0	0	1	1	0	0	0	0	1	0	0	0	0	1	0	0	120702	1	0	1	兽人王大战恶龙时所用的腿甲
萨满腿甲	120706	0	6	106	202	202	100	0	0	1	1	5	0	5	2	1	0	0	0	0	0	0	0	0	0	0	1	1	0	0	0	0	1	0	0	0	0	1	0	0	120702	1	0	1	神官萨罗斯的专属腿甲 他的死 换来的兽人族的和平
混沌腿甲	120707	0	7	106	202	202	100	0	0	1	1	5	0	5	2	1	0	0	0	0	0	0	0	0	0	0	1	1	0	0	0	0	1	0	0	0	0	1	0	0	120703	1	0	1	兽人王洛萨费的在比蒙战斗部队时使用的腿甲
霸权腿甲	120708	0	8	106	202	202	100	0	0	1	1	5	0	5	2	1	0	0	0	0	0	0	0	0	0	0	1	1	0	0	0	0	1	0	0	0	0	1	0	0	120703	1	0	1	兽人族比蒙王在诸神之战中丢失的腿甲
兽王腿甲	120709	0	9	106	202	202	100	0	0	1	1	5	0	5	2	1	0	0	0	0	0	0	0	0	0	0	1	1	0	0	0	0	1	0	0	0	0	1	0	0	120704	1	0	1	曾经兽人王萨尔菲戈一世最珍爱的腿甲
诸神腿甲	120710	0	10	106	202	202	100	0	0	1	1	5	0	5	2	1	0	0	0	0	0	0	0	0	0	0	1	1	0	0	0	0	1	0	0	0	0	1	0	0	120705	1	0	1	第一次混沌战争中，诸神所佩腿甲，被神之血灌注拥有无比强大的能力！
狼族拳套	120801	0	1	103	201	201	100	0	0	1	1	5	0	5	2	1	0	0	0	0	0	0	0	0	0	0	1	1	0	0	0	0	1	0	0	0	0	1	0	0	120801	1	0	1	狼族战士经常使用的拳套
战争拳套	120802	0	2	103	202	202	100	0	0	1	1	5	0	5	2	1	0	0	0	0	0	0	0	0	0	0	1	1	0	0	0	0	1	0	0	0	0	1	0	0	120801	1	0	1	曾经暗影狼族战士使用的拳套
丛林拳套	120803	0	3	103	202	202	100	0	0	1	1	5	0	5	2	1	0	0	0	0	0	0	0	0	0	0	1	1	0	0	0	0	1	0	0	0	0	1	0	0	120801	1	0	1	精英狼族特殊部队使用的拳套
苍月拳套	120804	0	4	103	202	202	100	0	0	1	1	5	0	5	2	1	0	0	0	0	0	0	0	0	0	0	1	1	0	0	0	0	1	0	0	0	0	1	0	0	120802	1	0	1	只有真正的狼人勇士才能有用的拳套
暗影拳套	120805	0	5	103	202	202	100	0	0	1	1	5	0	5	2	1	0	0	0	0	0	0	0	0	0	0	1	1	0	0	0	0	1	0	0	0	0	1	0	0	120802	1	0	1	兽人王大战恶龙时所用的拳套
萨满拳套	120806	0	6	103	202	202	100	0	0	1	1	5	0	5	2	1	0	0	0	0	0	0	0	0	0	0	1	1	0	0	0	0	1	0	0	0	0	1	0	0	120802	1	0	1	神官萨罗斯的专属拳套 他的死 换来的兽人族的和平
混沌拳套	120807	0	7	103	202	202	100	0	0	1	1	5	0	5	2	1	0	0	0	0	0	0	0	0	0	0	1	1	0	0	0	0	1	0	0	0	0	1	0	0	120803	1	0	1	兽人王洛萨费的在比蒙战斗部队时使用的拳套
霸权拳套	120808	0	8	103	202	202	100	0	0	1	1	5	0	5	2	1	0	0	0	0	0	0	0	0	0	0	1	1	0	0	0	0	1	0	0	0	0	1	0	0	120803	1	0	1	兽人族比蒙王在诸神之战中丢失的拳套
兽王拳套	120809	0	9	103	202	202	100	0	0	1	1	5	0	5	2	1	0	0	0	0	0	0	0	0	0	0	1	1	0	0	0	0	1	0	0	0	0	1	0	0	120804	1	0	1	曾经兽人王萨尔菲戈一世最珍爱拳套
诸神拳套	120810	0	10	103	202	202	100	0	0	1	1	5	0	5	2	1	0	0	0	0	0	0	0	0	0	0	1	1	0	0	0	0	1	0	0	0	0	1	0	0	120805	1	0	1	第一次混沌战争中，诸神所佩拳套，被神之血灌注拥有无比强大的能力！
血族镰刀	130101	0	1	101	351	351	100	0	0	1	1	5	0	5	3	1	0	0	0	0	0	0	0	0	0	0	1	1	0	0	0	0	1	0	0	0	0	1	0	0	130101	5001	0	1	血族战士经常使用的武器
新月镰刀	130102	0	2	101	352	352	100	0	0	1	1	5	0	5	3	1	0	0	0	0	0	0	0	0	0	0	1	1	0	0	0	0	1	0	0	0	0	1	0	0	130101	1	0	1	高阶血族战士的专属武器，攻击力较高
破晓镰刀	130103	0	3	101	352	352	100	0	0	1	1	5	0	5	3	1	0	0	0	0	0	0	0	0	0	0	1	1	0	0	0	0	1	0	0	0	0	1	0	0	130101	1	0	1	精英血族战士才能使用的专属武器
暮光镰刀	130104	0	4	101	352	352	100	0	0	1	1	5	0	5	3	1	0	0	0	0	0	0	0	0	0	0	1	1	0	0	0	0	1	0	0	0	0	1	0	0	130102	1	0	1	只有真正血族勇士才能使用的优雅武器，不可小看他的力量
灵魂镰刀	130105	0	5	101	352	352	100	0	0	1	1	5	0	5	3	1	0	0	0	0	0	0	0	0	0	0	1	1	0	0	0	0	1	0	0	0	0	1	0	0	130102	1	0	1	经过血族祭祀所祝福的强力武器，他可以让敌人的魂魄都在颤抖。
亡者镰刀	130106	0	6	101	352	352	100	0	0	1	1	5	0	5	3	1	0	0	0	0	0	0	0	0	0	0	1	1	0	0	0	0	1	0	0	0	0	1	0	0	130102	1	0	1	被敌人的怨气所禁锢的神圣武器，传说被他杀死的敌人只能增加他的威力。
死神镰刀	130107	0	7	101	352	352	100	0	0	1	1	5	0	5	3	1	0	0	0	0	0	0	0	0	0	0	1	1	0	0	0	0	1	0	0	0	0	1	0	0	130103	1	0	1	死神所使用的镰刀，能拥有他的人必定击败死神获得了永生。
堕落镰刀	130108	0	8	101	352	352	100	0	0	1	1	5	0	5	3	1	0	0	0	0	0	0	0	0	0	0	1	1	0	0	0	0	1	0	0	0	0	1	0	0	130103	1	0	1	传说是路西法说拥有的武器，只有到达地狱的最底层才有机会能获得他。
深渊镰刀	130109	0	9	101	352	352	100	0	0	1	1	5	0	5	3	1	0	0	0	0	0	0	0	0	0	0	1	1	0	0	0	0	1	0	0	0	0	1	0	0	130104	1	0	1	初代吸血鬼皇族所拥有的专属武器，当你拿起他会听到无尽的哀嚎。
诸神镰刀	130110	0	10	101	352	352	100	0	0	1	1	5	0	5	3	1	0	0	0	0	0	0	0	0	0	0	1	1	0	0	0	0	1	0	0	0	0	1	0	0	130105	1	0	1	第一次混沌战争中，诸神所佩武器，被神之血灌注拥有无比强大的能力！
血族弯刀	130201	0	1	112	0	0	100	0	0	1	1	5	0	5	3	1	0	0	0	0	0	0	0	0	0	0	1	1	0	0	0	0	1	0	0	0	0	1	0	0	110001	1	0	1	用来禁锢征服的灵魂，获得英雄变身
新月弯刀	130202	0	2	112	0	0	100	0	0	1	1	5	0	5	3	1	0	0	0	0	0	0	0	0	0	0	1	1	0	0	0	0	1	0	0	0	0	1	0	0	110001	1	0	1	高阶血族战士的专属魂器用来禁锢征服的灵魂，装备魂器后获得英雄变身
破晓弯刀	130203	0	3	112	0	0	100	0	0	1	1	5	0	5	3	1	0	0	0	0	0	0	0	0	0	0	1	1	0	0	0	0	1	0	0	0	0	1	0	0	110001	1	0	1	精英血族战士才能使用的专属魂器用来禁锢征服的灵魂，装备魂器后获得英雄变身
暮光弯刀	130204	0	4	112	0	0	100	0	0	1	1	5	0	5	3	1	0	0	0	0	0	0	0	0	0	0	1	1	0	0	0	0	1	0	0	0	0	1	0	0	110001	1	0	1	只有真正血族勇士才能使用的优雅魂器用来禁锢征服的灵魂，装备魂器后获得英雄变身
灵魂弯刀	130205	0	5	112	0	0	100	0	0	1	1	5	0	5	3	1	0	0	0	0	0	0	0	0	0	0	1	1	0	0	0	0	1	0	0	0	0	1	0	0	110001	1	0	1	经过血族祭祀所祝福的强力魂器他可以让敌人的魂魄都在颤抖。装备魂器后获得英雄变身
亡者弯刀	130206	0	6	112	0	0	100	0	0	1	1	5	0	5	3	1	0	0	0	0	0	0	0	0	0	0	1	1	0	0	0	0	1	0	0	0	0	1	0	0	110001	1	0	1	被敌人的怨气所禁锢的神圣魂器用来禁锢征服的灵魂，传说被他杀死的敌人只能增加他的威力。
死神弯刀	130207	0	7	112	0	0	100	0	0	1	1	5	0	5	3	1	0	0	0	0	0	0	0	0	0	0	1	1	0	0	0	0	1	0	0	0	0	1	0	0	110001	1	0	1	死神所使用的魂器用来禁锢征服的灵魂，能拥有他的人必定击败死神获得了永生。
堕落弯刀	130208	0	8	112	0	0	100	0	0	1	1	5	0	5	3	1	0	0	0	0	0	0	0	0	0	0	1	1	0	0	0	0	1	0	0	0	0	1	0	0	110001	1	0	1	"传说是路西法说拥有的魂器用来禁锢征服的灵魂,只有到达地狱的最底层才有机会能获得他。"
深渊弯刀	130209	0	9	112	0	0	100	0	0	1	1	5	0	5	3	1	0	0	0	0	0	0	0	0	0	0	1	1	0	0	0	0	1	0	0	0	0	1	0	0	110001	1	0	1	初代吸血鬼皇族所拥有的专属魂器用来禁锢征服的灵魂，当你拿起他会听到无尽的哀嚎。
诸神弯刀	130210	0	10	112	0	0	100	0	0	1	1	5	0	5	3	1	0	0	0	0	0	0	0	0	0	0	1	1	0	0	0	0	1	0	0	0	0	1	0	0	110001	1	0	1	第一次混沌战争中，诸神所佩魂器用来禁锢征服的灵魂，被神之血灌注拥有无比强大的能力！
血族战枪	130301	0	1	113	0	0	100	0	0	1	1	5	0	5	3	1	0	0	0	0	0	0	0	0	0	0	1	1	0	0	0	0	1	0	0	0	0	1	0	0	110002	1	0	1	战士徽章，获得英雄跟随
新月战枪	130302	0	2	113	0	0	100	0	0	1	1	5	0	5	3	1	0	0	0	0	0	0	0	0	0	0	1	1	0	0	0	0	1	0	0	0	0	1	0	0	110002	1	0	1	高阶血族战士的专属徽章，装备后开启英雄跟随
破晓战枪	130303	0	3	113	0	0	100	0	0	1	1	5	0	5	3	1	0	0	0	0	0	0	0	0	0	0	1	1	0	0	0	0	1	0	0	0	0	1	0	0	110002	1	0	1	精英血族战士才能使用的专属徽章，装备后开启英雄跟随
暮光战枪	130304	0	4	113	0	0	100	0	0	1	1	5	0	5	3	1	0	0	0	0	0	0	0	0	0	0	1	1	0	0	0	0	1	0	0	0	0	1	0	0	110002	1	0	1	只有真正血族勇士才能使用的优雅徽章，装备后开启英雄跟随
灵魂战枪	130305	0	5	113	0	0	100	0	0	1	1	5	0	5	3	1	0	0	0	0	0	0	0	0	0	0	1	1	0	0	0	0	1	0	0	0	0	1	0	0	110002	1	0	1	经过血族祭祀所祝福的强力徽章，装备后开启英雄跟随，他可以让敌人的魂魄都在颤抖。
亡者战枪	130306	0	6	113	0	0	100	0	0	1	1	5	0	5	3	1	0	0	0	0	0	0	0	0	0	0	1	1	0	0	0	0	1	0	0	0	0	1	0	0	110002	1	0	1	被敌人的怨气所禁锢的神圣徽章，装备后开启英雄跟随，传说被他杀死的敌人只能增加他的威力。
死神战枪	130307	0	7	113	0	0	100	0	0	1	1	5	0	5	3	1	0	0	0	0	0	0	0	0	0	0	1	1	0	0	0	0	1	0	0	0	0	1	0	0	110002	1	0	1	死神所使用的徽章，装备后开启英雄跟随，能拥有他的人必定击败死神获得了永生。
堕落战枪	130308	0	8	113	0	0	100	0	0	1	1	5	0	5	3	1	0	0	0	0	0	0	0	0	0	0	1	1	0	0	0	0	1	0	0	0	0	1	0	0	110002	1	0	1	传说是路西法说拥有的徽章，装备后开启英雄跟随，只有到达地狱的最底层才有机会能获得他。
深渊战枪	130309	0	9	113	0	0	100	0	0	1	1	5	0	5	3	1	0	0	0	0	0	0	0	0	0	0	1	1	0	0	0	0	1	0	0	0	0	1	0	0	110002	1	0	1	初代吸血鬼皇族所拥有的专属徽章，装备后开启英雄跟随，当你拿起他会听到无尽的哀嚎。
诸神战枪	130310	0	10	113	0	0	100	0	0	1	1	5	0	5	3	1	0	0	0	0	0	0	0	0	0	0	1	1	0	0	0	0	1	0	0	0	0	1	0	0	110002	1	0	1	第一次混沌战争中，诸神所佩徽章，被神之血灌注拥有无比强大的能力！
血族头饰	130401	0	1	102	301	301	100	0	0	1	1	5	0	5	3	1	0	0	0	0	0	0	0	0	0	0	1	1	0	0	0	0	1	0	0	0	0	1	0	0	130401	1	0	1	血族战士经常使用的头饰
新月头饰	130402	0	2	102	302	302	100	0	0	1	1	5	0	5	3	1	0	0	0	0	0	0	0	0	0	0	1	1	0	0	0	0	1	0	0	0	0	1	0	0	130401	1	0	1	高阶血族战士的专属头饰
破晓头饰	130403	0	3	102	302	302	100	0	0	1	1	5	0	5	3	1	0	0	0	0	0	0	0	0	0	0	1	1	0	0	0	0	1	0	0	0	0	1	0	0	130401	1	0	1	精英血族战士才能使用的专属头饰
暮光头饰	130404	0	4	102	302	302	100	0	0	1	1	5	0	5	3	1	0	0	0	0	0	0	0	0	0	0	1	1	0	0	0	0	1	0	0	0	0	1	0	0	130402	1	0	1	只有真正血族勇士才能使用的优雅头饰，不可小看他的力量
灵魂头饰	130405	0	5	102	302	302	100	0	0	1	1	5	0	5	3	1	0	0	0	0	0	0	0	0	0	0	1	1	0	0	0	0	1	0	0	0	0	1	0	0	130402	1	0	1	经过血族祭祀所祝福的强力头饰，他可以让敌人的魂魄都在颤抖。
亡者头饰	130406	0	6	102	302	302	100	0	0	1	1	5	0	5	3	1	0	0	0	0	0	0	0	0	0	0	1	1	0	0	0	0	1	0	0	0	0	1	0	0	130402	1	0	1	被敌人的怨气所禁锢的神圣头饰，敌人的献血染红了他。
死神头饰	130407	0	7	102	302	302	100	0	0	1	1	5	0	5	3	1	0	0	0	0	0	0	0	0	0	0	1	1	0	0	0	0	1	0	0	0	0	1	0	0	130403	1	0	1	死神所使用的头饰，能拥有他的人必定击败死神获得了永生。
堕落头饰	130408	0	8	102	302	302	100	0	0	1	1	5	0	5	3	1	0	0	0	0	0	0	0	0	0	0	1	1	0	0	0	0	1	0	0	0	0	1	0	0	130403	1	0	1	传说是路西法说拥有的头饰，只有到达地狱的最底层才有机会能获得他。
深渊头饰	130409	0	9	102	302	302	100	0	0	1	1	5	0	5	3	1	0	0	0	0	0	0	0	0	0	0	1	1	0	0	0	0	1	0	0	0	0	1	0	0	130404	1	0	1	初代吸血鬼皇族所拥有的专属头饰，当你拿起他会听到无尽的哀嚎。
诸神头饰	130410	0	10	102	302	302	100	0	0	1	1	5	0	5	3	1	0	0	0	0	0	0	0	0	0	0	1	1	0	0	0	0	1	0	0	0	0	1	0	0	130405	1	0	1	第一次混沌战争中，诸神所佩头饰，被神之血灌注拥有无比强大的能力！
血族礼服	130501	0	1	107	301	301	100	0	0	1	1	5	0	5	3	1	0	0	0	0	0	0	0	0	0	0	1	1	0	0	0	0	1	0	0	0	0	1	0	0	130501	1	0	1	血族战士经常使用的礼服
新月礼服	130502	0	2	107	302	302	100	0	0	1	1	5	0	5	3	1	0	0	0	0	0	0	0	0	0	0	1	1	0	0	0	0	1	0	0	0	0	1	0	0	130501	1	0	1	高阶血族战士的专属礼服
破晓礼服	130503	0	3	107	302	302	100	0	0	1	1	5	0	5	3	1	0	0	0	0	0	0	0	0	0	0	1	1	0	0	0	0	1	0	0	0	0	1	0	0	130501	1	0	1	精英血族战士才能使用的专属华丽的礼服
暮光礼服	130504	0	4	107	302	302	100	0	0	1	1	5	0	5	3	1	0	0	0	0	0	0	0	0	0	0	1	1	0	0	0	0	1	0	0	0	0	1	0	0	130502	1	0	1	只有真正血族勇士才能使用的优雅礼服，不可小看他的力量
灵魂礼服	130505	0	5	107	302	302	100	0	0	1	1	5	0	5	3	1	0	0	0	0	0	0	0	0	0	0	1	1	0	0	0	0	1	0	0	0	0	1	0	0	130502	1	0	1	经过血族祭祀所祝福的礼服，他可以让敌人的魂魄都在颤抖。
亡者礼服	130506	0	6	107	302	302	100	0	0	1	1	5	0	5	3	1	0	0	0	0	0	0	0	0	0	0	1	1	0	0	0	0	1	0	0	0	0	1	0	0	130502	1	0	1	被敌人的怨气所禁锢的神圣礼服，敌人的献血染红了他。
死神礼服	130507	0	7	107	302	302	100	0	0	1	1	5	0	5	3	1	0	0	0	0	0	0	0	0	0	0	1	1	0	0	0	0	1	0	0	0	0	1	0	0	130503	1	0	1	死神幻化为人形时说穿礼服，能拥有他的人必定击败死神获得了永生。
堕落礼服	130508	0	8	107	302	302	100	0	0	1	1	5	0	5	3	1	0	0	0	0	0	0	0	0	0	0	1	1	0	0	0	0	1	0	0	0	0	1	0	0	130503	1	0	1	传说是路西法说拥有的礼服，只有到达地狱的最底层才有机会能获得他。
深渊礼服	130509	0	9	107	302	302	100	0	0	1	1	5	0	5	3	1	0	0	0	0	0	0	0	0	0	0	1	1	0	0	0	0	1	0	0	0	0	1	0	0	130504	1	0	1	初代吸血鬼皇族所拥有的专属礼服，当你拿起他会听到无尽的哀嚎。
诸神礼服	130510	0	10	107	302	302	100	0	0	1	1	5	0	5	3	1	0	0	0	0	0	0	0	0	0	0	1	1	0	0	0	0	1	0	0	0	0	1	0	0	130505	1	0	1	第一次混沌战争中，诸神所穿礼服，被神之血灌注拥有无比强大的能力！
血族衬肩	130601	0	1	104	301	301	100	0	0	1	1	5	0	5	3	1	0	0	0	0	0	0	0	0	0	0	1	1	0	0	0	0	1	0	0	0	0	1	0	0	130601	1	0	1	血族战士经常使用的衬肩
新月衬肩	130602	0	2	104	302	302	100	0	0	1	1	5	0	5	3	1	0	0	0	0	0	0	0	0	0	0	1	1	0	0	0	0	1	0	0	0	0	1	0	0	130601	1	0	1	高阶血族战士的专属衬肩
破晓衬肩	130603	0	3	104	302	302	100	0	0	1	1	5	0	5	3	1	0	0	0	0	0	0	0	0	0	0	1	1	0	0	0	0	1	0	0	0	0	1	0	0	130601	1	0	1	精英血族战士才能使用的专属华丽的衬肩
暮光衬肩	130604	0	4	104	302	302	100	0	0	1	1	5	0	5	3	1	0	0	0	0	0	0	0	0	0	0	1	1	0	0	0	0	1	0	0	0	0	1	0	0	130602	1	0	1	只有真正血族勇士才能使用的优雅衬肩，不可小看他的力量
灵魂衬肩	130605	0	5	104	302	302	100	0	0	1	1	5	0	5	3	1	0	0	0	0	0	0	0	0	0	0	1	1	0	0	0	0	1	0	0	0	0	1	0	0	130602	1	0	1	经过血族祭祀所祝福的衬肩，他可以让敌人的魂魄都在颤抖。
亡者衬肩	130606	0	6	104	302	302	100	0	0	1	1	5	0	5	3	1	0	0	0	0	0	0	0	0	0	0	1	1	0	0	0	0	1	0	0	0	0	1	0	0	130602	1	0	1	被敌人的怨气所禁锢的神圣衬肩，敌人的献血染红了他。
死神衬肩	130607	0	7	104	302	302	100	0	0	1	1	5	0	5	3	1	0	0	0	0	0	0	0	0	0	0	1	1	0	0	0	0	1	0	0	0	0	1	0	0	130603	1	0	1	死神幻化为人形时说穿衬肩，上面有死神的徽记，能拥有他的人必定击败死神获得了永生。
堕落衬肩	130608	0	8	104	302	302	100	0	0	1	1	5	0	5	3	1	0	0	0	0	0	0	0	0	0	0	1	1	0	0	0	0	1	0	0	0	0	1	0	0	130603	1	0	1	传说是路西法说拥有的衬肩，只有到达地狱的最底层才有机会能获得他。
深渊衬肩	130609	0	9	104	302	302	100	0	0	1	1	5	0	5	3	1	0	0	0	0	0	0	0	0	0	0	1	1	0	0	0	0	1	0	0	0	0	1	0	0	130604	1	0	1	初代吸血鬼皇族所拥有的专属衬肩，上面遍布死者的灵魂。
诸神衬肩	130610	0	10	104	302	302	100	0	0	1	1	5	0	5	3	1	0	0	0	0	0	0	0	0	0	0	1	1	0	0	0	0	1	0	0	0	0	1	0	0	130605	1	0	1	第一次混沌战争中，诸神所穿衬肩，被神之血灌注拥有无比强大的能力！
血族衬裤	130701	0	1	106	301	301	100	0	0	1	1	5	0	5	3	1	0	0	0	0	0	0	0	0	0	0	1	1	0	0	0	0	1	0	0	0	0	1	0	0	130701	1	0	1	血族战士经常使用的衬裤
新月衬裤	130702	0	2	106	302	302	100	0	0	1	1	5	0	5	3	1	0	0	0	0	0	0	0	0	0	0	1	1	0	0	0	0	1	0	0	0	0	1	0	0	130701	1	0	1	高阶血族战士的专属衬裤
破晓衬裤	130703	0	3	106	302	302	100	0	0	1	1	5	0	5	3	1	0	0	0	0	0	0	0	0	0	0	1	1	0	0	0	0	1	0	0	0	0	1	0	0	130701	1	0	1	精英血族战士才能使用的专属华丽的衬裤
暮光衬裤	130704	0	4	106	302	302	100	0	0	1	1	5	0	5	3	1	0	0	0	0	0	0	0	0	0	0	1	1	0	0	0	0	1	0	0	0	0	1	0	0	130702	1	0	1	只有真正血族勇士才能使用的优雅衬裤，不可小看他的力量
灵魂衬裤	130705	0	5	106	302	302	100	0	0	1	1	5	0	5	3	1	0	0	0	0	0	0	0	0	0	0	1	1	0	0	0	0	1	0	0	0	0	1	0	0	130702	1	0	1	经过血族祭祀所祝福的衬裤，他可以让敌人的魂魄都在颤抖。
亡者衬裤	130706	0	6	106	302	302	100	0	0	1	1	5	0	5	3	1	0	0	0	0	0	0	0	0	0	0	1	1	0	0	0	0	1	0	0	0	0	1	0	0	130702	1	0	1	被敌人的怨气所禁锢的神圣衬裤，敌人的献血染红了他。
死神衬裤	130707	0	7	106	302	302	100	0	0	1	1	5	0	5	3	1	0	0	0	0	0	0	0	0	0	0	1	1	0	0	0	0	1	0	0	0	0	1	0	0	130703	1	0	1	死神幻化为人形时说穿衬裤，能拥有他的人必定击败死神获得了永生。
堕落衬裤	130708	0	8	106	302	302	100	0	0	1	1	5	0	5	3	1	0	0	0	0	0	0	0	0	0	0	1	1	0	0	0	0	1	0	0	0	0	1	0	0	130703	1	0	1	传说是路西法说拥有的衬裤，只有到达地狱的最底层才有机会能获得他。
深渊衬裤	130709	0	9	106	302	302	100	0	0	1	1	5	0	5	3	1	0	0	0	0	0	0	0	0	0	0	1	1	0	0	0	0	1	0	0	0	0	1	0	0	130704	1	0	1	初代吸血鬼皇族所拥有的专属衬裤，当你拿起他会听到无尽的哀嚎。
诸神衬裤	130710	0	10	106	302	302	100	0	0	1	1	5	0	5	3	1	0	0	0	0	0	0	0	0	0	0	1	1	0	0	0	0	1	0	0	0	0	1	0	0	130705	1	0	1	第一次混沌战争中，诸神所穿衬裤，被神之血灌注拥有无比强大的能力！
血族护臂	130801	0	1	103	301	301	100	0	0	1	1	5	0	5	3	1	0	0	0	0	0	0	0	0	0	0	1	1	0	0	0	0	1	0	0	0	0	1	0	0	130801	1	0	1	血族战士经常使用的护臂
新月护臂	130802	0	2	103	302	302	100	0	0	1	1	5	0	5	3	1	0	0	0	0	0	0	0	0	0	0	1	1	0	0	0	0	1	0	0	0	0	1	0	0	130801	1	0	1	高阶血族战士的专属护臂
破晓护臂	130803	0	3	103	302	302	100	0	0	1	1	5	0	5	3	1	0	0	0	0	0	0	0	0	0	0	1	1	0	0	0	0	1	0	0	0	0	1	0	0	130801	1	0	1	精英血族战士才能使用的专属华丽的护臂
暮光护臂	130804	0	4	103	302	302	100	0	0	1	1	5	0	5	3	1	0	0	0	0	0	0	0	0	0	0	1	1	0	0	0	0	1	0	0	0	0	1	0	0	130802	1	0	1	只有真正血族勇士才能使用的优雅护臂，不可小看他的力量
灵魂护臂	130805	0	5	103	302	302	100	0	0	1	1	5	0	5	3	1	0	0	0	0	0	0	0	0	0	0	1	1	0	0	0	0	1	0	0	0	0	1	0	0	130802	1	0	1	经过血族祭祀所祝福的护臂，上面将会有您家族的徽记。
亡者护臂	130806	0	6	103	302	302	100	0	0	1	1	5	0	5	3	1	0	0	0	0	0	0	0	0	0	0	1	1	0	0	0	0	1	0	0	0	0	1	0	0	130802	1	0	1	被敌人的怨气所禁锢的神圣护臂，传说被他杀死的敌人只能增加他的威力。
死神护臂	130807	0	7	103	302	302	100	0	0	1	1	5	0	5	3	1	0	0	0	0	0	0	0	0	0	0	1	1	0	0	0	0	1	0	0	0	0	1	0	0	130803	1	0	1	死神幻化为人形时说穿护臂，能拥有他的人必定击败死神获得了永生。
堕落护臂	130808	0	8	103	302	302	100	0	0	1	1	5	0	5	3	1	0	0	0	0	0	0	0	0	0	0	1	1	0	0	0	0	1	0	0	0	0	1	0	0	130803	1	0	1	传说是路西法说拥有的护臂，只有到达地狱的最底层才有机会能获得他。
深渊护臂	130809	0	9	103	302	302	100	0	0	1	1	5	0	5	3	1	0	0	0	0	0	0	0	0	0	0	1	1	0	0	0	0	1	0	0	0	0	1	0	0	130804	1	0	1	初代吸血鬼皇族所拥有的专属护臂，当你拿起他会听到无尽的哀嚎。
诸神护臂	130810	0	10	103	302	302	100	0	0	1	1	5	0	5	3	1	0	0	0	0	0	0	0	0	0	0	1	1	0	0	0	0	1	0	0	0	0	1	0	0	130805	1	0	1	第一次混沌战争中，诸神所穿护臂，被神之血灌注拥有无比强大的能力！
//宠物相关	0	0	0	0	0	0	0	0	0	0	0	0	0	0	0	0	0	0	0	0	0	0	0	0	0	0	0	0	0	0	0	0	0	0	0	0	0	0	0	0	0	0	0	0	0
魂魄碎片	180101	0	3	10	0	0	0	0	0	99	1	1	2	1	0	0	0	0	0	0	0	0	0	0	0	0	0	1	0	0	0	0	0	0	0	0	0	1	0	0	180101	1	0	0	混沌战争中死者的魂魄碎片，3星英雄等级突破时必备道具
死者之灵	180102	0	3	10	0	0	0	0	0	99	1	1	2	1	0	0	0	0	0	0	0	0	0	0	0	0	0	1	0	0	0	0	0	0	0	0	0	1	0	0	180102	1	0	0	混沌战争中被死者留下的印记，3星英雄等级突破时必备道具
封印碎片	180103	0	3	10	0	0	0	0	0	99	1	1	2	1	0	0	0	0	0	0	0	0	0	0	0	0	0	1	0	0	0	0	0	0	0	0	0	1	0	0	180101	1	0	0	用于释放碎片中力量的道具，3星英雄等级突破时必备道具
突破符文	180104	0	3	10	0	0	0	0	0	99	1	1	2	1	0	0	0	0	0	0	0	0	0	0	0	0	0	1	0	0	0	0	0	0	0	0	0	1	0	0	180102	1	0	0	用于开始突破祭奠的符文，3星英雄等级突破时必备道具
英雄碎片	180201	0	4	10	0	0	0	0	0	99	1	1	2	1	0	0	0	0	0	0	0	0	0	0	0	0	0	1	0	0	0	0	0	0	0	0	0	1	0	0	180201	1	0	0	混沌战争中死去英雄的魂魄碎片，4星英雄等级突破时必备道具
英雄之灵	180202	0	4	10	0	0	0	0	0	99	1	1	2	1	0	0	0	0	0	0	0	0	0	0	0	0	0	1	0	0	0	0	0	0	0	0	0	1	0	0	180202	1	0	0	混沌战争中被死者留下的印记，4星英雄等级突破时必备道具
高级封印碎片	180203	0	4	10	0	0	0	0	0	99	1	1	2	1	0	0	0	0	0	0	0	0	0	0	0	0	0	1	0	0	0	0	0	0	0	0	0	1	0	0	180201	1	0	0	用于释放高等级碎片中力量的道具，4星英雄等级突破时必备道具
神圣突破符文	180204	0	4	10	0	0	0	0	0	99	1	1	2	1	0	0	0	0	0	0	0	0	0	0	0	0	0	1	0	0	0	0	0	0	0	0	0	1	0	0	180202	1	0	0	用于开始高等级突破祭奠的符文，4星英雄等级突破时必备道具
天神碎片	180301	0	5	10	0	0	0	0	0	99	1	1	2	1	0	0	0	0	0	0	0	0	0	0	0	0	0	1	0	0	0	0	0	0	0	0	0	1	0	0	180301	1	0	0	混沌战争中天神遗落的碎片，5星英雄等级突破时必备道具
天神之灵	180302	0	5	10	0	0	0	0	0	99	1	1	2	1	0	0	0	0	0	0	0	0	0	0	0	0	0	1	0	0	0	0	0	0	0	0	0	1	0	0	180302	1	0	0	混沌战争中天神留下的印记，5星英雄等级突破时必备道具
顶级封印碎片	180303	0	5	10	0	0	0	0	0	99	1	1	2	1	0	0	0	0	0	0	0	0	0	0	0	0	0	1	0	0	0	0	0	0	0	0	0	1	0	0	180301	1	0	0	用于释放顶级碎片中力量的道具，5星英雄等级突破时必备道具
顶级突破符文	180304	0	5	10	0	0	0	0	0	99	1	1	2	1	0	0	0	0	0	0	0	0	0	0	0	0	0	1	0	0	0	0	0	0	0	0	0	1	0	0	180302	1	0	0	用于开始顶级突破祭奠的符文，5星英雄等级突破时必备道具
狂暴	180801	0	5	10	0	0	0	0	0	99	1	1	2	1	0	0	0	0	0	0	0	0	0	0	0	0	0	1	0	0	0	0	0	0	0	0	0	1	0	0	900000	1	0	0	
狂暴1	180802	0	5	10	0	0	0	0	0	99	1	1	2	1	0	0	0	0	0	0	0	0	0	0	0	0	0	1	0	0	0	0	0	0	0	0	0	1	0	0	900000	1	0	0	
御体	180803	0	5	10	0	0	0	0	0	99	1	1	2	1	0	0	0	0	0	0	0	0	0	0	0	0	0	1	0	0	0	0	0	0	0	0	0	1	0	0	900000	1	0	0	
精确打击	180804	0	5	10	0	0	0	0	0	99	1	1	2	1	0	0	0	0	0	0	0	0	0	0	0	0	0	1	0	0	0	0	0	0	0	0	0	1	0	0	900000	1	0	0	
灵动	180805	0	5	10	0	0	0	0	0	99	1	1	2	1	0	0	0	0	0	0	0	0	0	0	0	0	0	1	0	0	0	0	0	0	0	0	0	1	0	0	900000	1	0	0	
蓝色书页	173000	0	3	21	0	0	0	0	0	99	1	1	2	1	0	0	0	0	0	0	0	0	0	0	0	0	0	1	0	0	0	0	0	0	0	0	0	1	0	0	17300	1	0	0	蓝色技能书残页，使用10个残页随机获得一个蓝色英雄技能书
紫色书页	174000	0	4	21	0	0	0	0	0	99	1	1	2	1	0	0	0	0	0	0	0	0	0	0	0	0	0	1	0	0	0	0	0	0	0	0	0	1	0	0	17400	1	0	0	紫色技能书残页，使用10个残页随机获得一个紫色英雄技能书
橙色书页	175000	0	5	21	0	0	0	0	0	99	1	1	2	1	0	0	0	0	0	0	0	0	0	0	0	0	0	1	0	0	0	0	0	0	0	0	0	1	0	0	17500	1	0	0	橙色技能书残页，使用10个残页随机获得一个橙色英雄技能书
蓝色书页	176000	0	3	21	0	0	0	0	0	99	1	1	2	1	0	0	0	0	0	0	0	0	0	0	0	0	0	1	0	0	0	0	0	0	0	0	0	1	0	0	17300	1	0	0	蓝色技能书残页，使用10个残页随机获得一个蓝色英雄技能书
荆棘之刺	173101	0	3	22	0	0	0	0	0	99	1	1	2	1	0	0	0	0	0	0	0	0	0	0	0	0	0	1	0	0	0	0	1	0	0	0	0	1	0	0	173100	1	0	0	对单个目标造成伤害
荆棘之路	173102	0	3	22	0	0	0	0	0	99	1	1	2	1	0	0	0	0	0	0	0	0	0	0	0	0	0	1	0	0	0	0	1	0	0	0	0	1	0	0	173100	1	0	0	对前方一条直线上的所有目标造成伤害
荆棘之海	173103	0	3	22	0	0	0	0	0	99	1	1	2	1	0	0	0	0	0	0	0	0	0	0	0	0	0	1	0	0	0	0	1	0	0	0	0	1	0	0	173100	1	0	0	对周围500范围内所有的目标造成伤害
黯灭之爪	173104	0	3	22	0	0	0	0	0	99	1	1	2	1	0	0	0	0	0	0	0	0	0	0	0	0	0	1	0	0	0	0	1	0	0	0	0	1	0	0	173100	1	0	0	对单个目标造成伤害
黯灭之路	173105	0	3	22	0	0	0	0	0	99	1	1	2	1	0	0	0	0	0	0	0	0	0	0	0	0	0	1	0	0	0	0	1	0	0	0	0	1	0	0	173100	1	0	0	对前方一条直线上的所有目标造成伤害
黯灭之海	173106	0	3	22	0	0	0	0	0	99	1	1	2	1	0	0	0	0	0	0	0	0	0	0	0	0	0	1	0	0	0	0	1	0	0	0	0	1	0	0	173100	1	0	0	对周围500范围内所有的目标造成伤害
黑灵之爪	173107	0	3	22	0	0	0	0	0	99	1	1	2	1	0	0	0	0	0	0	0	0	0	0	0	0	0	1	0	0	0	0	1	0	0	0	0	1	0	0	173100	1	0	0	对单个目标造成伤害
黑灵之路	173108	0	3	22	0	0	0	0	0	99	1	1	2	1	0	0	0	0	0	0	0	0	0	0	0	0	0	1	0	0	0	0	1	0	0	0	0	1	0	0	173100	1	0	0	对前方一条直线上的所有目标造成伤害
黑灵之海	173109	0	3	22	0	0	0	0	0	99	1	1	2	1	0	0	0	0	0	0	0	0	0	0	0	0	0	1	0	0	0	0	1	0	0	0	0	1	0	0	173100	1	0	0	对周围500范围内所有的目标造成伤害
潮汐之力	173110	0	3	22	0	0	0	0	0	99	1	1	2	1	0	0	0	0	0	0	0	0	0	0	0	0	0	1	0	0	0	0	1	0	0	0	0	1	0	0	173100	1	0	0	对单个目标造成伤害
潮汐之路	173111	0	3	22	0	0	0	0	0	99	1	1	2	1	0	0	0	0	0	0	0	0	0	0	0	0	0	1	0	0	0	0	1	0	0	0	0	1	0	0	173100	1	0	0	对前方一条直线上的所有目标造成伤害
潮汐之海	173112	0	3	22	0	0	0	0	0	99	1	1	2	1	0	0	0	0	0	0	0	0	0	0	0	0	0	1	0	0	0	0	1	0	0	0	0	1	0	0	173100	1	0	0	对周围500范围内所有的目标造成伤害
血祀之爪	173113	0	3	22	0	0	0	0	0	99	1	1	2	1	0	0	0	0	0	0	0	0	0	0	0	0	0	1	0	0	0	0	1	0	0	0	0	1	0	0	173100	1	0	0	对单个目标造成伤害
血祀之路	173114	0	3	22	0	0	0	0	0	99	1	1	2	1	0	0	0	0	0	0	0	0	0	0	0	0	0	1	0	0	0	0	1	0	0	0	0	1	0	0	173100	1	0	0	对前方一条直线上的所有目标造成伤害
血祀之海	173115	0	3	22	0	0	0	0	0	99	1	1	2	1	0	0	0	0	0	0	0	0	0	0	0	0	0	1	0	0	0	0	1	0	0	0	0	1	0	0	173100	1	0	0	对周围500范围内所有的目标造成伤害
必杀之术	173201	0	3	22	0	0	0	0	0	99	1	1	2	1	0	0	0	0	0	0	0	0	0	0	0	0	0	1	0	0	0	0	1	0	0	0	0	1	0	0	173100	1	0	0	增加角色攻击力
屏障之术	173202	0	3	22	0	0	0	0	0	99	1	1	2	1	0	0	0	0	0	0	0	0	0	0	0	0	0	1	0	0	0	0	1	0	0	0	0	1	0	0	173100	1	0	0	增加角色防御力
精确之术	173203	0	3	22	0	0	0	0	0	99	1	1	2	1	0	0	0	0	0	0	0	0	0	0	0	0	0	1	0	0	0	0	1	0	0	0	0	1	0	0	173100	1	0	0	增加角色命中率
灵动之术	173204	0	3	22	0	0	0	0	0	99	1	1	2	1	0	0	0	0	0	0	0	0	0	0	0	0	0	1	0	0	0	0	1	0	0	0	0	1	0	0	173100	1	0	0	增加角色闪避率
自愈之术	173205	0	3	22	0	0	0	0	0	99	1	1	2	1	0	0	0	0	0	0	0	0	0	0	0	0	0	1	0	0	0	0	1	0	0	0	0	1	0	0	173100	1	0	0	增加角色血量
紫荆之刺	174101	0	4	22	0	0	0	0	0	99	1	1	2	1	0	0	0	0	0	0	0	0	0	0	0	0	0	1	0	0	0	0	1	0	0	0	0	1	0	0	174100	1	0	0	对单个目标造成伤害
紫荆之路	174102	0	4	22	0	0	0	0	0	99	1	1	2	1	0	0	0	0	0	0	0	0	0	0	0	0	0	1	0	0	0	0	1	0	0	0	0	1	0	0	174100	1	0	0	对前方一条直线上的所有目标造成伤害
紫荆之海	174103	0	4	22	0	0	0	0	0	99	1	1	2	1	0	0	0	0	0	0	0	0	0	0	0	0	0	1	0	0	0	0	1	0	0	0	0	1	0	0	174100	1	0	0	对周围500范围内所有的目标造成伤害
腐毒之爪	174104	0	4	22	0	0	0	0	0	99	1	1	2	1	0	0	0	0	0	0	0	0	0	0	0	0	0	1	0	0	0	0	1	0	0	0	0	1	0	0	174100	1	0	0	对单个目标造成伤害
腐毒之路	174105	0	4	22	0	0	0	0	0	99	1	1	2	1	0	0	0	0	0	0	0	0	0	0	0	0	0	1	0	0	0	0	1	0	0	0	0	1	0	0	174100	1	0	0	对前方一条直线上的所有目标造成伤害
腐毒之海	174106	0	4	22	0	0	0	0	0	99	1	1	2	1	0	0	0	0	0	0	0	0	0	0	0	0	0	1	0	0	0	0	1	0	0	0	0	1	0	0	174100	1	0	0	对周围500范围内所有的目标造成伤害
碎影之爪	174107	0	4	22	0	0	0	0	0	99	1	1	2	1	0	0	0	0	0	0	0	0	0	0	0	0	0	1	0	0	0	0	1	0	0	0	0	1	0	0	174100	1	0	0	对单个目标造成伤害
碎影之路	174108	0	4	22	0	0	0	0	0	99	1	1	2	1	0	0	0	0	0	0	0	0	0	0	0	0	0	1	0	0	0	0	1	0	0	0	0	1	0	0	174100	1	0	0	对前方一条直线上的所有目标造成伤害
碎影之海	174109	0	4	22	0	0	0	0	0	99	1	1	2	1	0	0	0	0	0	0	0	0	0	0	0	0	0	1	0	0	0	0	1	0	0	0	0	1	0	0	174100	1	0	0	对周围500范围内所有的目标造成伤害
残食之刺	174110	0	4	22	0	0	0	0	0	99	1	1	2	1	0	0	0	0	0	0	0	0	0	0	0	0	0	1	0	0	0	0	1	0	0	0	0	1	0	0	174100	1	0	0	对单个目标造成伤害
残食之路	174111	0	4	22	0	0	0	0	0	99	1	1	2	1	0	0	0	0	0	0	0	0	0	0	0	0	0	1	0	0	0	0	1	0	0	0	0	1	0	0	174100	1	0	0	对前方一条直线上的所有目标造成伤害
残食之海	174112	0	4	22	0	0	0	0	0	99	1	1	2	1	0	0	0	0	0	0	0	0	0	0	0	0	0	1	0	0	0	0	1	0	0	0	0	1	0	0	174100	1	0	0	对周围500范围内所有的目标造成伤害
恶灵之爪	174113	0	4	22	0	0	0	0	0	99	1	1	2	1	0	0	0	0	0	0	0	0	0	0	0	0	0	1	0	0	0	0	1	0	0	0	0	1	0	0	174100	1	0	0	对单个目标造成伤害
恶灵之路	174114	0	4	22	0	0	0	0	0	99	1	1	2	1	0	0	0	0	0	0	0	0	0	0	0	0	0	1	0	0	0	0	1	0	0	0	0	1	0	0	174100	1	0	0	对前方一条直线上的所有目标造成伤害
恶灵之海	174115	0	4	22	0	0	0	0	0	99	1	1	2	1	0	0	0	0	0	0	0	0	0	0	0	0	0	1	0	0	0	0	1	0	0	0	0	1	0	0	174100	1	0	0	对周围500范围内所有的目标造成伤害
夺命之术	174201	0	4	22	0	0	0	0	0	99	1	1	2	1	0	0	0	0	0	0	0	0	0	0	0	0	0	1	0	0	0	0	1	0	0	0	0	1	0	0	174100	1	0	0	增加角色攻击力
格挡之术	174202	0	4	22	0	0	0	0	0	99	1	1	2	1	0	0	0	0	0	0	0	0	0	0	0	0	0	1	0	0	0	0	1	0	0	0	0	1	0	0	174100	1	0	0	增加角色防御力
锁身之术	174203	0	4	22	0	0	0	0	0	99	1	1	2	1	0	0	0	0	0	0	0	0	0	0	0	0	0	1	0	0	0	0	1	0	0	0	0	1	0	0	174100	1	0	0	增加角色命中率
闪影之术	174204	0	4	22	0	0	0	0	0	99	1	1	2	1	0	0	0	0	0	0	0	0	0	0	0	0	0	1	0	0	0	0	1	0	0	0	0	1	0	0	174100	1	0	0	增加角色闪避率
长生之术	174205	0	4	22	0	0	0	0	0	99	1	1	2	1	0	0	0	0	0	0	0	0	0	0	0	0	0	1	0	0	0	0	1	0	0	0	0	1	0	0	174100	1	0	0	增加角色血量
风暴之锤	175101	0	5	22	0	0	0	0	0	99	1	1	2	1	0	0	0	0	0	0	0	0	0	0	0	0	0	1	0	0	0	0	1	0	0	0	0	1	0	0	175100	1	0	0	对单个目标造成伤害
风暴前行	175102	0	5	22	0	0	0	0	0	99	1	1	2	1	0	0	0	0	0	0	0	0	0	0	0	0	0	1	0	0	0	0	1	0	0	0	0	1	0	0	175100	1	0	0	对前方一条直线上的所有目标造成伤害
烈焰风暴	175103	0	5	22	0	0	0	0	0	99	1	1	2	1	0	0	0	0	0	0	0	0	0	0	0	0	0	1	0	0	0	0	1	0	0	0	0	1	0	0	175100	1	0	0	对周围500范围内所有的目标造成伤害
致命一击	175104	0	5	22	0	0	0	0	0	99	1	1	2	1	0	0	0	0	0	0	0	0	0	0	0	0	0	1	0	0	0	0	1	0	0	0	0	1	0	0	175100	1	0	0	对单个目标造成伤害
一字斩杀	175105	0	5	22	0	0	0	0	0	99	1	1	2	1	0	0	0	0	0	0	0	0	0	0	0	0	0	1	0	0	0	0	1	0	0	0	0	1	0	0	175100	1	0	0	对前方一条直线上的所有目标造成伤害
圆形切割	175106	0	5	22	0	0	0	0	0	99	1	1	2	1	0	0	0	0	0	0	0	0	0	0	0	0	0	1	0	0	0	0	1	0	0	0	0	1	0	0	175100	1	0	0	对周围500范围内所有的目标造成伤害
灼热之箭	175107	0	5	22	0	0	0	0	0	99	1	1	2	1	0	0	0	0	0	0	0	0	0	0	0	0	0	1	0	0	0	0	1	0	0	0	0	1	0	0	175100	1	0	0	对单个目标造成伤害
穿云箭	175108	0	5	22	0	0	0	0	0	99	1	1	2	1	0	0	0	0	0	0	0	0	0	0	0	0	0	1	0	0	0	0	1	0	0	0	0	1	0	0	175100	1	0	0	对前方一条直线上的所有目标造成伤害
群星坠落	175109	0	5	22	0	0	0	0	0	99	1	1	2	1	0	0	0	0	0	0	0	0	0	0	0	0	0	1	0	0	0	0	1	0	0	0	0	1	0	0	175100	1	0	0	对周围500范围内所有的目标造成伤害
暗影突袭	175110	0	5	22	0	0	0	0	0	99	1	1	2	1	0	0	0	0	0	0	0	0	0	0	0	0	0	1	0	0	0	0	1	0	0	0	0	1	0	0	175100	1	0	0	对单个目标造成伤害
闪电游走	175111	0	5	22	0	0	0	0	0	99	1	1	2	1	0	0	0	0	0	0	0	0	0	0	0	0	0	1	0	0	0	0	1	0	0	0	0	1	0	0	175100	1	0	0	对前方一条直线上的所有目标造成伤害
雷霆闪电	175112	0	5	22	0	0	0	0	0	99	1	1	2	1	0	0	0	0	0	0	0	0	0	0	0	0	0	1	0	0	0	0	1	0	0	0	0	1	0	0	175100	1	0	0	对周围500范围内所有的目标造成伤害
地狱之爪	175113	0	5	22	0	0	0	0	0	99	1	1	2	1	0	0	0	0	0	0	0	0	0	0	0	0	0	1	0	0	0	0	1	0	0	0	0	1	0	0	175100	1	0	0	对单个目标造成伤害
深渊之路	175114	0	5	22	0	0	0	0	0	99	1	1	2	1	0	0	0	0	0	0	0	0	0	0	0	0	0	1	0	0	0	0	1	0	0	0	0	1	0	0	175100	1	0	0	对前方一条直线上的所有目标造成伤害
恶魔蚀海	175115	0	5	22	0	0	0	0	0	99	1	1	2	1	0	0	0	0	0	0	0	0	0	0	0	0	0	1	0	0	0	0	1	0	0	0	0	1	0	0	175100	1	0	0	对周围500范围内所有的目标造成伤害
影灭之术	175201	0	5	22	0	0	0	0	0	99	1	1	2	1	0	0	0	0	0	0	0	0	0	0	0	0	0	1	0	0	0	0	1	0	0	0	0	1	0	0	175100	1	0	0	增加角色攻击力
圣盾之术	175202	0	5	22	0	0	0	0	0	99	1	1	2	1	0	0	0	0	0	0	0	0	0	0	0	0	0	1	0	0	0	0	1	0	0	0	0	1	0	0	175100	1	0	0	增加角色防御力
凝神之术	175203	0	5	22	0	0	0	0	0	99	1	1	2	1	0	0	0	0	0	0	0	0	0	0	0	0	0	1	0	0	0	0	1	0	0	0	0	1	0	0	175100	1	0	0	增加角色命中率
鬼魅之术	175204	0	5	22	0	0	0	0	0	99	1	1	2	1	0	0	0	0	0	0	0	0	0	0	0	0	0	1	0	0	0	0	1	0	0	0	0	1	0	0	175100	1	0	0	增加角色闪避率
再生之术	175205	0	5	22	0	0	0	0	0	99	1	1	2	1	0	0	0	0	0	0	0	0	0	0	0	0	0	1	0	0	0	0	1	0	0	0	0	1	0	0	175100	1	0	0	增加角色血量
石像魔火灵	182011	0	3	10	0	0	0	0	0	99	1	1	2	1	0	0	0	0	0	0	0	0	0	0	0	0	0	1	0	0	0	0	0	0	0	0	0	1	0	0	183001	1	0	0	石像魔的身体碎片，收集一定数量碎片和其他物品可以召唤石像魔
石像魔精华液	182012	0	3	10	0	0	0	0	0	99	1	1	2	1	0	0	0	0	0	0	0	0	0	0	0	0	0	1	0	0	0	0	0	0	0	0	0	1	0	0	183002	1	0	0	石像魔的精华液，收集一定数量精华液和其他物品可以召唤石像魔
石像魔魂魄	182013	0	3	10	0	0	0	0	0	99	1	1	2	1	0	0	0	0	0	0	0	0	0	0	0	0	0	1	0	0	0	0	0	0	0	0	0	1	0	0	183003	1	0	0	石像魔的魂魄，收集一定数量魂魄和其他物品可以召唤石像魔
石像魔魔焰石	182014	0	3	10	0	0	0	0	0	99	1	1	2	1	0	0	0	0	0	0	0	0	0	0	0	0	0	1	0	0	0	0	0	0	0	0	0	1	0	0	183004	1	0	0	石像魔的魔焰石，收集一定数量魔焰石和其他物品可以召唤石像魔
红心法师火灵	182021	0	3	10	0	0	0	0	0	99	1	1	2	1	0	0	0	0	0	0	0	0	0	0	0	0	0	1	0	0	0	0	0	0	0	0	0	1	0	0	183001	1	0	0	红心法师的身体碎片，收集一定数量碎片和其他物品可以召唤红心法师
红心法师精华液	182022	0	3	10	0	0	0	0	0	99	1	1	2	1	0	0	0	0	0	0	0	0	0	0	0	0	0	1	0	0	0	0	0	0	0	0	0	1	0	0	183002	1	0	0	红心法师的精华液，收集一定数量精华液和其他物品可以召唤红心法师
红心法师魂魄	182023	0	3	10	0	0	0	0	0	99	1	1	2	1	0	0	0	0	0	0	0	0	0	0	0	0	0	1	0	0	0	0	0	0	0	0	0	1	0	0	183003	1	0	0	红心法师的魂魄，收集一定数量魂魄和其他物品可以召唤红心法师
红心法师魔焰石	182024	0	3	10	0	0	0	0	0	99	1	1	2	1	0	0	0	0	0	0	0	0	0	0	0	0	0	1	0	0	0	0	0	0	0	0	0	1	0	0	183004	1	0	0	红心法师的魔焰石，收集一定数量魔焰石和其他物品可以召唤红心法师
大剑士兵火灵	182031	0	3	10	0	0	0	0	0	99	1	1	2	1	0	0	0	0	0	0	0	0	0	0	0	0	0	1	0	0	0	0	0	0	0	0	0	1	0	0	183001	1	0	0	大剑士兵的身体碎片，收集一定数量碎片和其他物品可以召唤大剑士兵
大剑士兵精华液	182032	0	3	10	0	0	0	0	0	99	1	1	2	1	0	0	0	0	0	0	0	0	0	0	0	0	0	1	0	0	0	0	0	0	0	0	0	1	0	0	183002	1	0	0	大剑士兵的精华液，收集一定数量精华液和其他物品可以召唤大剑士兵
大剑士兵魂魄	182033	0	3	10	0	0	0	0	0	99	1	1	2	1	0	0	0	0	0	0	0	0	0	0	0	0	0	1	0	0	0	0	0	0	0	0	0	1	0	0	183003	1	0	0	大剑士兵的魂魄，收集一定数量魂魄和其他物品可以召唤大剑士兵
大剑士兵魔焰石	182034	0	3	10	0	0	0	0	0	99	1	1	2	1	0	0	0	0	0	0	0	0	0	0	0	0	0	1	0	0	0	0	0	0	0	0	0	1	0	0	183004	1	0	0	大剑士兵的魔焰石，收集一定数量魔焰石和其他物品可以召唤大剑士兵
火鼠火灵	182041	0	3	10	0	0	0	0	0	99	1	1	2	1	0	0	0	0	0	0	0	0	0	0	0	0	0	1	0	0	0	0	0	0	0	0	0	1	0	0	183001	1	0	0	火鼠的身体碎片，收集一定数量碎片和其他物品可以召唤火鼠
火鼠精华液	182042	0	3	10	0	0	0	0	0	99	1	1	2	1	0	0	0	0	0	0	0	0	0	0	0	0	0	1	0	0	0	0	0	0	0	0	0	1	0	0	183002	1	0	0	火鼠的精华液，收集一定数量精华液和其他物品可以召唤火鼠
火鼠魂魄	182043	0	3	10	0	0	0	0	0	99	1	1	2	1	0	0	0	0	0	0	0	0	0	0	0	0	0	1	0	0	0	0	0	0	0	0	0	1	0	0	183003	1	0	0	火鼠的魂魄，收集一定数量魂魄和其他物品可以召唤火鼠
火鼠魔焰石	182044	0	3	10	0	0	0	0	0	99	1	1	2	1	0	0	0	0	0	0	0	0	0	0	0	0	0	1	0	0	0	0	0	0	0	0	0	1	0	0	183004	1	0	0	火鼠的魔焰石，收集一定数量魔焰石和其他物品可以召唤火鼠
火狐火灵	182051	0	3	10	0	0	0	0	0	99	1	1	2	1	0	0	0	0	0	0	0	0	0	0	0	0	0	1	0	0	0	0	0	0	0	0	0	1	0	0	183001	1	0	0	火狐的身体碎片，收集一定数量碎片和其他物品可以召唤火狐
火狐精华液	182052	0	3	10	0	0	0	0	0	99	1	1	2	1	0	0	0	0	0	0	0	0	0	0	0	0	0	1	0	0	0	0	0	0	0	0	0	1	0	0	183002	1	0	0	火狐的精华液，收集一定数量精华液和其他物品可以召唤火狐
火狐魂魄	182053	0	3	10	0	0	0	0	0	99	1	1	2	1	0	0	0	0	0	0	0	0	0	0	0	0	0	1	0	0	0	0	0	0	0	0	0	1	0	0	183003	1	0	0	火狐的魂魄，收集一定数量魂魄和其他物品可以召唤火狐
火狐魔焰石	182054	0	3	10	0	0	0	0	0	99	1	1	2	1	0	0	0	0	0	0	0	0	0	0	0	0	0	1	0	0	0	0	0	0	0	0	0	1	0	0	183004	1	0	0	火狐的魔焰石，收集一定数量魔焰石和其他物品可以召唤火狐
散兵游勇火灵	182061	0	3	10	0	0	0	0	0	99	1	1	2	1	0	0	0	0	0	0	0	0	0	0	0	0	0	1	0	0	0	0	0	0	0	0	0	1	0	0	183001	1	0	0	散兵游勇的身体碎片，收集一定数量碎片和其他物品可以召唤散兵游勇
散兵游勇精华液	182062	0	3	10	0	0	0	0	0	99	1	1	2	1	0	0	0	0	0	0	0	0	0	0	0	0	0	1	0	0	0	0	0	0	0	0	0	1	0	0	183002	1	0	0	散兵游勇的精华液，收集一定数量精华液和其他物品可以召唤散兵游勇
散兵游勇魂魄	182063	0	3	10	0	0	0	0	0	99	1	1	2	1	0	0	0	0	0	0	0	0	0	0	0	0	0	1	0	0	0	0	0	0	0	0	0	1	0	0	183003	1	0	0	散兵游勇的魂魄，收集一定数量魂魄和其他物品可以召唤散兵游勇
散兵游勇魔焰石	182064	0	3	10	0	0	0	0	0	99	1	1	2	1	0	0	0	0	0	0	0	0	0	0	0	0	0	1	0	0	0	0	0	0	0	0	0	1	0	0	183004	1	0	0	散兵游勇的魔焰石，收集一定数量魔焰石和其他物品可以召唤散兵游勇
雷锤勇士火灵	182071	0	3	10	0	0	0	0	0	99	1	1	2	1	0	0	0	0	0	0	0	0	0	0	0	0	0	1	0	0	0	0	0	0	0	0	0	1	0	0	183001	1	0	0	雷锤勇士的身体碎片，收集一定数量碎片和其他物品可以召唤雷锤勇士
雷锤勇士精华液	182072	0	3	10	0	0	0	0	0	99	1	1	2	1	0	0	0	0	0	0	0	0	0	0	0	0	0	1	0	0	0	0	0	0	0	0	0	1	0	0	183002	1	0	0	雷锤勇士的精华液，收集一定数量精华液和其他物品可以召唤雷锤勇士
雷锤勇士魂魄	182073	0	3	10	0	0	0	0	0	99	1	1	2	1	0	0	0	0	0	0	0	0	0	0	0	0	0	1	0	0	0	0	0	0	0	0	0	1	0	0	183003	1	0	0	雷锤勇士的魂魄，收集一定数量魂魄和其他物品可以召唤雷锤勇士
雷锤勇士魔焰石	182074	0	3	10	0	0	0	0	0	99	1	1	2	1	0	0	0	0	0	0	0	0	0	0	0	0	0	1	0	0	0	0	0	0	0	0	0	1	0	0	183004	1	0	0	雷锤勇士的魔焰石，收集一定数量魔焰石和其他物品可以召唤雷锤勇士
巨斧人火灵	182081	0	3	10	0	0	0	0	0	99	1	1	2	1	0	0	0	0	0	0	0	0	0	0	0	0	0	1	0	0	0	0	0	0	0	0	0	1	0	0	183001	1	0	0	巨斧人的身体碎片，收集一定数量碎片和其他物品可以召唤巨斧人
巨斧人精华液	182082	0	3	10	0	0	0	0	0	99	1	1	2	1	0	0	0	0	0	0	0	0	0	0	0	0	0	1	0	0	0	0	0	0	0	0	0	1	0	0	183002	1	0	0	巨斧人的精华液，收集一定数量精华液和其他物品可以召唤巨斧人
巨斧人魂魄	182083	0	3	10	0	0	0	0	0	99	1	1	2	1	0	0	0	0	0	0	0	0	0	0	0	0	0	1	0	0	0	0	0	0	0	0	0	1	0	0	183003	1	0	0	巨斧人的魂魄，收集一定数量魂魄和其他物品可以召唤巨斧人
巨斧人魔焰石	182084	0	3	10	0	0	0	0	0	99	1	1	2	1	0	0	0	0	0	0	0	0	0	0	0	0	0	1	0	0	0	0	0	0	0	0	0	1	0	0	183004	1	0	0	巨斧人的魔焰石，收集一定数量魔焰石和其他物品可以召唤巨斧人
长戟士兵火灵	182091	0	3	10	0	0	0	0	0	99	1	1	2	1	0	0	0	0	0	0	0	0	0	0	0	0	0	1	0	0	0	0	0	0	0	0	0	1	0	0	183001	1	0	0	长戟士兵的身体碎片，收集一定数量碎片和其他物品可以召唤长戟士兵
长戟士兵精华液	182092	0	3	10	0	0	0	0	0	99	1	1	2	1	0	0	0	0	0	0	0	0	0	0	0	0	0	1	0	0	0	0	0	0	0	0	0	1	0	0	183002	1	0	0	长戟士兵的精华液，收集一定数量精华液和其他物品可以召唤长戟士兵
长戟士兵魂魄	182093	0	3	10	0	0	0	0	0	99	1	1	2	1	0	0	0	0	0	0	0	0	0	0	0	0	0	1	0	0	0	0	0	0	0	0	0	1	0	0	183003	1	0	0	长戟士兵的魂魄，收集一定数量魂魄和其他物品可以召唤长戟士兵
长戟士兵魔焰石	182094	0	3	10	0	0	0	0	0	99	1	1	2	1	0	0	0	0	0	0	0	0	0	0	0	0	0	1	0	0	0	0	0	0	0	0	0	1	0	0	183004	1	0	0	长戟士兵的魔焰石，收集一定数量魔焰石和其他物品可以召唤长戟士兵
女斧手火灵	182101	0	3	10	0	0	0	0	0	99	1	1	2	1	0	0	0	0	0	0	0	0	0	0	0	0	0	1	0	0	0	0	0	0	0	0	0	1	0	0	183001	1	0	0	女斧手的身体碎片，收集一定数量碎片和其他物品可以召唤女斧手
女斧手精华液	182102	0	3	10	0	0	0	0	0	99	1	1	2	1	0	0	0	0	0	0	0	0	0	0	0	0	0	1	0	0	0	0	0	0	0	0	0	1	0	0	183002	1	0	0	女斧手的精华液，收集一定数量精华液和其他物品可以召唤女斧手
女斧手魂魄	182103	0	3	10	0	0	0	0	0	99	1	1	2	1	0	0	0	0	0	0	0	0	0	0	0	0	0	1	0	0	0	0	0	0	0	0	0	1	0	0	183003	1	0	0	女斧手的魂魄，收集一定数量魂魄和其他物品可以召唤女斧手
女斧手魔焰石	182104	0	3	10	0	0	0	0	0	99	1	1	2	1	0	0	0	0	0	0	0	0	0	0	0	0	0	1	0	0	0	0	0	0	0	0	0	1	0	0	183004	1	0	0	女斧手的魔焰石，收集一定数量魔焰石和其他物品可以召唤女斧手
斧头狼人火灵	182111	0	3	10	0	0	0	0	0	99	1	1	2	1	0	0	0	0	0	0	0	0	0	0	0	0	0	1	0	0	0	0	0	0	0	0	0	1	0	0	183001	1	0	0	斧头狼人的身体碎片，收集一定数量碎片和其他物品可以召唤斧头狼人
斧头狼人精华液	182112	0	3	10	0	0	0	0	0	99	1	1	2	1	0	0	0	0	0	0	0	0	0	0	0	0	0	1	0	0	0	0	0	0	0	0	0	1	0	0	183002	1	0	0	斧头狼人的精华液，收集一定数量精华液和其他物品可以召唤斧头狼人
斧头狼人魂魄	182113	0	3	10	0	0	0	0	0	99	1	1	2	1	0	0	0	0	0	0	0	0	0	0	0	0	0	1	0	0	0	0	0	0	0	0	0	1	0	0	183003	1	0	0	斧头狼人的魂魄，收集一定数量魂魄和其他物品可以召唤斧头狼人
斧头狼人魔焰石	182114	0	3	10	0	0	0	0	0	99	1	1	2	1	0	0	0	0	0	0	0	0	0	0	0	0	0	1	0	0	0	0	0	0	0	0	0	1	0	0	183004	1	0	0	斧头狼人的魔焰石，收集一定数量魔焰石和其他物品可以召唤斧头狼人
精灵射手火灵	182121	0	3	10	0	0	0	0	0	99	1	1	2	1	0	0	0	0	0	0	0	0	0	0	0	0	0	1	0	0	0	0	0	0	0	0	0	1	0	0	183001	1	0	0	精灵射手的身体碎片，收集一定数量碎片和其他物品可以召唤精灵射手
精灵射手精华液	182122	0	3	10	0	0	0	0	0	99	1	1	2	1	0	0	0	0	0	0	0	0	0	0	0	0	0	1	0	0	0	0	0	0	0	0	0	1	0	0	183002	1	0	0	精灵射手的精华液，收集一定数量精华液和其他物品可以召唤精灵射手
精灵射手魂魄	182123	0	3	10	0	0	0	0	0	99	1	1	2	1	0	0	0	0	0	0	0	0	0	0	0	0	0	1	0	0	0	0	0	0	0	0	0	1	0	0	183003	1	0	0	精灵射手的魂魄，收集一定数量魂魄和其他物品可以召唤精灵射手
精灵射手魔焰石	182124	0	3	10	0	0	0	0	0	99	1	1	2	1	0	0	0	0	0	0	0	0	0	0	0	0	0	1	0	0	0	0	0	0	0	0	0	1	0	0	183004	1	0	0	精灵射手的魔焰石，收集一定数量魔焰石和其他物品可以召唤精灵射手
小鱼人火灵	183011	0	3	10	0	0	0	0	0	99	1	1	2	1	0	0	0	0	0	0	0	0	0	0	0	0	0	1	0	0	0	0	0	0	0	0	0	1	0	0	184001	1	0	0	小鱼人的身体碎片，收集一定数量碎片和其他物品可以召唤小鱼人
小鱼人精华液	183012	0	3	10	0	0	0	0	0	99	1	1	2	1	0	0	0	0	0	0	0	0	0	0	0	0	0	1	0	0	0	0	0	0	0	0	0	1	0	0	184002	1	0	0	小鱼人的精华液，收集一定数量精华液和其他物品可以召唤小鱼人
小鱼人魂魄	183013	0	3	10	0	0	0	0	0	99	1	1	2	1	0	0	0	0	0	0	0	0	0	0	0	0	0	1	0	0	0	0	0	0	0	0	0	1	0	0	184003	1	0	0	小鱼人的魂魄，收集一定数量魂魄和其他物品可以召唤小鱼人
小鱼人魔焰石	183014	0	3	10	0	0	0	0	0	99	1	1	2	1	0	0	0	0	0	0	0	0	0	0	0	0	0	1	0	0	0	0	0	0	0	0	0	1	0	0	184004	1	0	0	小鱼人的魔焰石，收集一定数量魔焰石和其他物品可以召唤小鱼人
剧毒人火灵	183021	0	3	10	0	0	0	0	0	99	1	1	2	1	0	0	0	0	0	0	0	0	0	0	0	0	0	1	0	0	0	0	0	0	0	0	0	1	0	0	184001	1	0	0	剧毒人的身体碎片，收集一定数量碎片和其他物品可以召唤剧毒人
剧毒人精华液	183022	0	3	10	0	0	0	0	0	99	1	1	2	1	0	0	0	0	0	0	0	0	0	0	0	0	0	1	0	0	0	0	0	0	0	0	0	1	0	0	184002	1	0	0	剧毒人的精华液，收集一定数量精华液和其他物品可以召唤剧毒人
剧毒人魂魄	183023	0	3	10	0	0	0	0	0	99	1	1	2	1	0	0	0	0	0	0	0	0	0	0	0	0	0	1	0	0	0	0	0	0	0	0	0	1	0	0	184003	1	0	0	剧毒人的魂魄，收集一定数量魂魄和其他物品可以召唤剧毒人
剧毒人魔焰石	183024	0	3	10	0	0	0	0	0	99	1	1	2	1	0	0	0	0	0	0	0	0	0	0	0	0	0	1	0	0	0	0	0	0	0	0	0	1	0	0	184004	1	0	0	剧毒人的魔焰石，收集一定数量魔焰石和其他物品可以召唤剧毒人
稻草人火灵	183031	0	3	10	0	0	0	0	0	99	1	1	2	1	0	0	0	0	0	0	0	0	0	0	0	0	0	1	0	0	0	0	0	0	0	0	0	1	0	0	184001	1	0	0	稻草人的身体碎片，收集一定数量碎片和其他物品可以召唤稻草人
稻草人精华液	183032	0	3	10	0	0	0	0	0	99	1	1	2	1	0	0	0	0	0	0	0	0	0	0	0	0	0	1	0	0	0	0	0	0	0	0	0	1	0	0	184002	1	0	0	稻草人的精华液，收集一定数量精华液和其他物品可以召唤稻草人
稻草人魂魄	183033	0	3	10	0	0	0	0	0	99	1	1	2	1	0	0	0	0	0	0	0	0	0	0	0	0	0	1	0	0	0	0	0	0	0	0	0	1	0	0	184003	1	0	0	稻草人的魂魄，收集一定数量魂魄和其他物品可以召唤稻草人
稻草人魔焰石	183034	0	3	10	0	0	0	0	0	99	1	1	2	1	0	0	0	0	0	0	0	0	0	0	0	0	0	1	0	0	0	0	0	0	0	0	0	1	0	0	184004	1	0	0	稻草人的魔焰石，收集一定数量魔焰石和其他物品可以召唤稻草人
妙妙猫火灵	183041	0	3	10	0	0	0	0	0	99	1	1	2	1	0	0	0	0	0	0	0	0	0	0	0	0	0	1	0	0	0	0	0	0	0	0	0	1	0	0	184001	1	0	0	妙妙猫的身体碎片，收集一定数量碎片和其他物品可以召唤妙妙猫
妙妙猫精华液	183042	0	3	10	0	0	0	0	0	99	1	1	2	1	0	0	0	0	0	0	0	0	0	0	0	0	0	1	0	0	0	0	0	0	0	0	0	1	0	0	184002	1	0	0	妙妙猫的精华液，收集一定数量精华液和其他物品可以召唤妙妙猫
妙妙猫魂魄	183043	0	3	10	0	0	0	0	0	99	1	1	2	1	0	0	0	0	0	0	0	0	0	0	0	0	0	1	0	0	0	0	0	0	0	0	0	1	0	0	184003	1	0	0	妙妙猫的魂魄，收集一定数量魂魄和其他物品可以召唤妙妙猫
妙妙猫魔焰石	183044	0	3	10	0	0	0	0	0	99	1	1	2	1	0	0	0	0	0	0	0	0	0	0	0	0	0	1	0	0	0	0	0	0	0	0	0	1	0	0	184004	1	0	0	妙妙猫的魔焰石，收集一定数量魔焰石和其他物品可以召唤妙妙猫
地狱犬火灵	183051	0	3	10	0	0	0	0	0	99	1	1	2	1	0	0	0	0	0	0	0	0	0	0	0	0	0	1	0	0	0	0	0	0	0	0	0	1	0	0	184001	1	0	0	地狱犬的身体碎片，收集一定数量碎片和其他物品可以召唤地狱犬
地狱犬精华液	183052	0	3	10	0	0	0	0	0	99	1	1	2	1	0	0	0	0	0	0	0	0	0	0	0	0	0	1	0	0	0	0	0	0	0	0	0	1	0	0	184002	1	0	0	地狱犬的精华液，收集一定数量精华液和其他物品可以召唤地狱犬
地狱犬魂魄	183053	0	3	10	0	0	0	0	0	99	1	1	2	1	0	0	0	0	0	0	0	0	0	0	0	0	0	1	0	0	0	0	0	0	0	0	0	1	0	0	184003	1	0	0	地狱犬的魂魄，收集一定数量魂魄和其他物品可以召唤地狱犬
地狱犬魔焰石	183054	0	3	10	0	0	0	0	0	99	1	1	2	1	0	0	0	0	0	0	0	0	0	0	0	0	0	1	0	0	0	0	0	0	0	0	0	1	0	0	184004	1	0	0	地狱犬的魔焰石，收集一定数量魔焰石和其他物品可以召唤地狱犬
罗宾汉火灵	183061	0	3	10	0	0	0	0	0	99	1	1	2	1	0	0	0	0	0	0	0	0	0	0	0	0	0	1	0	0	0	0	0	0	0	0	0	1	0	0	184001	1	0	0	罗宾汉的身体碎片，收集一定数量碎片和其他物品可以召唤罗宾汉
罗宾汉精华液	183062	0	3	10	0	0	0	0	0	99	1	1	2	1	0	0	0	0	0	0	0	0	0	0	0	0	0	1	0	0	0	0	0	0	0	0	0	1	0	0	184002	1	0	0	罗宾汉的精华液，收集一定数量精华液和其他物品可以召唤罗宾汉
罗宾汉魂魄	183063	0	3	10	0	0	0	0	0	99	1	1	2	1	0	0	0	0	0	0	0	0	0	0	0	0	0	1	0	0	0	0	0	0	0	0	0	1	0	0	184003	1	0	0	罗宾汉的魂魄，收集一定数量魂魄和其他物品可以召唤罗宾汉
罗宾汉魔焰石	183064	0	3	10	0	0	0	0	0	99	1	1	2	1	0	0	0	0	0	0	0	0	0	0	0	0	0	1	0	0	0	0	0	0	0	0	0	1	0	0	184004	1	0	0	罗宾汉的魔焰石，收集一定数量魔焰石和其他物品可以召唤罗宾汉
印第安纳狼人火灵	184011	0	3	10	0	0	0	0	0	99	1	1	2	1	0	0	0	0	0	0	0	0	0	0	0	0	0	1	0	0	0	0	0	0	0	0	0	1	0	0	184001	1	0	0	印第安纳狼人的身体碎片，收集一定数量碎片和其他物品可以召唤印第安纳狼人
印第安纳狼人精华液	184012	0	3	10	0	0	0	0	0	99	1	1	2	1	0	0	0	0	0	0	0	0	0	0	0	0	0	1	0	0	0	0	0	0	0	0	0	1	0	0	184002	1	0	0	印第安纳狼人的精华液，收集一定数量精华液和其他物品可以召唤印第安纳狼人
印第安纳狼人魂魄	184013	0	3	10	0	0	0	0	0	99	1	1	2	1	0	0	0	0	0	0	0	0	0	0	0	0	0	1	0	0	0	0	0	0	0	0	0	1	0	0	184003	1	0	0	印第安纳狼人的魂魄，收集一定数量魂魄和其他物品可以召唤印第安纳狼人
印第安纳狼人魔焰石	184014	0	3	10	0	0	0	0	0	99	1	1	2	1	0	0	0	0	0	0	0	0	0	0	0	0	0	1	0	0	0	0	0	0	0	0	0	1	0	0	184004	1	0	0	印第安纳狼人的魔焰石，收集一定数量魔焰石和其他物品可以召唤印第安纳狼人
沙漠大盗火灵	184021	0	3	10	0	0	0	0	0	99	1	1	2	1	0	0	0	0	0	0	0	0	0	0	0	0	0	1	0	0	0	0	0	0	0	0	0	1	0	0	184001	1	0	0	沙漠大盗的身体碎片，收集一定数量碎片和其他物品可以召唤沙漠大盗
沙漠大盗精华液	184022	0	3	10	0	0	0	0	0	99	1	1	2	1	0	0	0	0	0	0	0	0	0	0	0	0	0	1	0	0	0	0	0	0	0	0	0	1	0	0	184002	1	0	0	沙漠大盗的精华液，收集一定数量精华液和其他物品可以召唤沙漠大盗
沙漠大盗魂魄	184023	0	3	10	0	0	0	0	0	99	1	1	2	1	0	0	0	0	0	0	0	0	0	0	0	0	0	1	0	0	0	0	0	0	0	0	0	1	0	0	184003	1	0	0	沙漠大盗的魂魄，收集一定数量魂魄和其他物品可以召唤沙漠大盗
沙漠大盗魔焰石	184024	0	3	10	0	0	0	0	0	99	1	1	2	1	0	0	0	0	0	0	0	0	0	0	0	0	0	1	0	0	0	0	0	0	0	0	0	1	0	0	184004	1	0	0	沙漠大盗的魔焰石，收集一定数量魔焰石和其他物品可以召唤沙漠大盗
犀牛战将火灵	184031	0	3	10	0	0	0	0	0	99	1	1	2	1	0	0	0	0	0	0	0	0	0	0	0	0	0	1	0	0	0	0	0	0	0	0	0	1	0	0	184001	1	0	0	犀牛战将的身体碎片，收集一定数量碎片和其他物品可以召唤犀牛战将
犀牛战将精华液	184032	0	3	10	0	0	0	0	0	99	1	1	2	1	0	0	0	0	0	0	0	0	0	0	0	0	0	1	0	0	0	0	0	0	0	0	0	1	0	0	184002	1	0	0	犀牛战将的精华液，收集一定数量精华液和其他物品可以召唤犀牛战将
犀牛战将魂魄	184033	0	3	10	0	0	0	0	0	99	1	1	2	1	0	0	0	0	0	0	0	0	0	0	0	0	0	1	0	0	0	0	0	0	0	0	0	1	0	0	184003	1	0	0	犀牛战将的魂魄，收集一定数量魂魄和其他物品可以召唤犀牛战将
犀牛战将魔焰石	184034	0	3	10	0	0	0	0	0	99	1	1	2	1	0	0	0	0	0	0	0	0	0	0	0	0	0	1	0	0	0	0	0	0	0	0	0	1	0	0	184004	1	0	0	犀牛战将的魔焰石，收集一定数量魔焰石和其他物品可以召唤犀牛战将
鸟人火灵	185011	0	3	10	0	0	0	0	0	99	1	1	2	1	0	0	0	0	0	0	0	0	0	0	0	0	0	1	0	0	0	0	0	0	0	0	0	1	0	0	185001	1	0	0	鸟人的身体碎片，收集一定数量碎片和其他物品可以召唤鸟人
鸟人精华液	185012	0	3	10	0	0	0	0	0	99	1	1	2	1	0	0	0	0	0	0	0	0	0	0	0	0	0	1	0	0	0	0	0	0	0	0	0	1	0	0	185002	1	0	0	鸟人的精华液，收集一定数量精华液和其他物品可以召唤鸟人
鸟人魂魄	185013	0	3	10	0	0	0	0	0	99	1	1	2	1	0	0	0	0	0	0	0	0	0	0	0	0	0	1	0	0	0	0	0	0	0	0	0	1	0	0	185003	1	0	0	鸟人的魂魄，收集一定数量魂魄和其他物品可以召唤鸟人
鸟人魔焰石	185014	0	3	10	0	0	0	0	0	99	1	1	2	1	0	0	0	0	0	0	0	0	0	0	0	0	0	1	0	0	0	0	0	0	0	0	0	1	0	0	185004	1	0	0	鸟人的魔焰石，收集一定数量魔焰石和其他物品可以召唤鸟人
猫女火灵	185021	0	3	10	0	0	0	0	0	99	1	1	2	1	0	0	0	0	0	0	0	0	0	0	0	0	0	1	0	0	0	0	0	0	0	0	0	1	0	0	185001	1	0	0	猫女的身体碎片，收集一定数量碎片和其他物品可以召唤猫女
猫女精华液	185022	0	3	10	0	0	0	0	0	99	1	1	2	1	0	0	0	0	0	0	0	0	0	0	0	0	0	1	0	0	0	0	0	0	0	0	0	1	0	0	185002	1	0	0	猫女的精华液，收集一定数量精华液和其他物品可以召唤猫女
猫女魂魄	185023	0	3	10	0	0	0	0	0	99	1	1	2	1	0	0	0	0	0	0	0	0	0	0	0	0	0	1	0	0	0	0	0	0	0	0	0	1	0	0	185003	1	0	0	猫女的魂魄，收集一定数量魂魄和其他物品可以召唤猫女
猫女魔焰石	185024	0	3	10	0	0	0	0	0	99	1	1	2	1	0	0	0	0	0	0	0	0	0	0	0	0	0	1	0	0	0	0	0	0	0	0	0	1	0	0	185004	1	0	0	猫女的魔焰石，收集一定数量魔焰石和其他物品可以召唤猫女
波斯女火灵	185031	0	3	10	0	0	0	0	0	99	1	1	2	1	0	0	0	0	0	0	0	0	0	0	0	0	0	1	0	0	0	0	0	0	0	0	0	1	0	0	185001	1	0	0	波斯女的身体碎片，收集一定数量碎片和其他物品可以召唤波斯女
波斯女精华液	185032	0	3	10	0	0	0	0	0	99	1	1	2	1	0	0	0	0	0	0	0	0	0	0	0	0	0	1	0	0	0	0	0	0	0	0	0	1	0	0	185002	1	0	0	波斯女的精华液，收集一定数量精华液和其他物品可以召唤波斯女
波斯女魂魄	185033	0	3	10	0	0	0	0	0	99	1	1	2	1	0	0	0	0	0	0	0	0	0	0	0	0	0	1	0	0	0	0	0	0	0	0	0	1	0	0	185003	1	0	0	波斯女的魂魄，收集一定数量魂魄和其他物品可以召唤波斯女
波斯女魔焰石	185034	0	3	10	0	0	0	0	0	99	1	1	2	1	0	0	0	0	0	0	0	0	0	0	0	0	0	1	0	0	0	0	0	0	0	0	0	1	0	0	185004	1	0	0	波斯女的魔焰石，收集一定数量魔焰石和其他物品可以召唤波斯女
凯丽根火灵	185041	0	3	10	0	0	0	0	0	99	1	1	2	1	0	0	0	0	0	0	0	0	0	0	0	0	0	1	0	0	0	0	0	0	0	0	0	1	0	0	185001	1	0	0	凯丽根的身体碎片，收集一定数量碎片和其他物品可以召唤凯丽根
凯丽根精华液	185042	0	3	10	0	0	0	0	0	99	1	1	2	1	0	0	0	0	0	0	0	0	0	0	0	0	0	1	0	0	0	0	0	0	0	0	0	1	0	0	185002	1	0	0	凯丽根的精华液，收集一定数量精华液和其他物品可以召唤凯丽根
凯丽根魂魄	185043	0	3	10	0	0	0	0	0	99	1	1	2	1	0	0	0	0	0	0	0	0	0	0	0	0	0	1	0	0	0	0	0	0	0	0	0	1	0	0	185003	1	0	0	凯丽根的魂魄，收集一定数量魂魄和其他物品可以召唤凯丽根
凯丽根魔焰石	185044	0	3	10	0	0	0	0	0	99	1	1	2	1	0	0	0	0	0	0	0	0	0	0	0	0	0	1	0	0	0	0	0	0	0	0	0	1	0	0	185004	1	0	0	凯丽根的魔焰石，收集一定数量魔焰石和其他物品可以召唤凯丽根
三角头火灵	185051	0	3	10	0	0	0	0	0	99	1	1	2	1	0	0	0	0	0	0	0	0	0	0	0	0	0	1	0	0	0	0	0	0	0	0	0	1	0	0	185001	1	0	0	三角头的身体碎片，收集一定数量碎片和其他物品可以召唤三角头
三角头精华液	185052	0	3	10	0	0	0	0	0	99	1	1	2	1	0	0	0	0	0	0	0	0	0	0	0	0	0	1	0	0	0	0	0	0	0	0	0	1	0	0	185002	1	0	0	三角头的精华液，收集一定数量精华液和其他物品可以召唤三角头
三角头魂魄	185053	0	3	10	0	0	0	0	0	99	1	1	2	1	0	0	0	0	0	0	0	0	0	0	0	0	0	1	0	0	0	0	0	0	0	0	0	1	0	0	185003	1	0	0	三角头的魂魄，收集一定数量魂魄和其他物品可以召唤三角头
三角头魔焰石	185054	0	3	10	0	0	0	0	0	99	1	1	2	1	0	0	0	0	0	0	0	0	0	0	0	0	0	1	0	0	0	0	0	0	0	0	0	1	0	0	185004	1	0	0	三角头的魔焰石，收集一定数量魔焰石和其他物品可以召唤三角头
卢西恩变形火灵	185061	0	3	10	0	0	0	0	0	99	1	1	2	1	0	0	0	0	0	0	0	0	0	0	0	0	0	1	0	0	0	0	0	0	0	0	0	1	0	0	185001	1	0	0	卢西恩变形的身体碎片，收集一定数量碎片和其他物品可以召唤卢西恩变形
卢西恩变形精华液	185062	0	3	10	0	0	0	0	0	99	1	1	2	1	0	0	0	0	0	0	0	0	0	0	0	0	0	1	0	0	0	0	0	0	0	0	0	1	0	0	185002	1	0	0	卢西恩变形的精华液，收集一定数量精华液和其他物品可以召唤卢西恩变形
卢西恩变形魂魄	185063	0	3	10	0	0	0	0	0	99	1	1	2	1	0	0	0	0	0	0	0	0	0	0	0	0	0	1	0	0	0	0	0	0	0	0	0	1	0	0	185003	1	0	0	卢西恩变形的魂魄，收集一定数量魂魄和其他物品可以召唤卢西恩变形
卢西恩变形魔焰石	185064	0	3	10	0	0	0	0	0	99	1	1	2	1	0	0	0	0	0	0	0	0	0	0	0	0	0	1	0	0	0	0	0	0	0	0	0	1	0	0	185004	1	0	0	卢西恩变形的魔焰石，收集一定数量魔焰石和其他物品可以召唤卢西恩变形
恐惧之王火灵	185071	0	3	10	0	0	0	0	0	99	1	1	2	1	0	0	0	0	0	0	0	0	0	0	0	0	0	1	0	0	0	0	0	0	0	0	0	1	0	0	185001	1	0	0	恐惧之王的身体碎片，收集一定数量碎片和其他物品可以召唤恐惧之王
恐惧之王精华液	185072	0	3	10	0	0	0	0	0	99	1	1	2	1	0	0	0	0	0	0	0	0	0	0	0	0	0	1	0	0	0	0	0	0	0	0	0	1	0	0	185002	1	0	0	恐惧之王的精华液，收集一定数量精华液和其他物品可以召唤恐惧之王
恐惧之王魂魄	185073	0	3	10	0	0	0	0	0	99	1	1	2	1	0	0	0	0	0	0	0	0	0	0	0	0	0	1	0	0	0	0	0	0	0	0	0	1	0	0	185003	1	0	0	恐惧之王的魂魄，收集一定数量魂魄和其他物品可以召唤恐惧之王
恐惧之王魔焰石	185074	0	3	10	0	0	0	0	0	99	1	1	2	1	0	0	0	0	0	0	0	0	0	0	0	0	0	1	0	0	0	0	0	0	0	0	0	1	0	0	185004	1	0	0	恐惧之王的魔焰石，收集一定数量魔焰石和其他物品可以召唤恐惧之王
维克多火灵	185081	0	3	10	0	0	0	0	0	99	1	1	2	1	0	0	0	0	0	0	0	0	0	0	0	0	0	1	0	0	0	0	0	0	0	0	0	1	0	0	185001	1	0	0	维克多的身体碎片，收集一定数量碎片和其他物品可以召唤维克多
维克多精华液	185082	0	3	10	0	0	0	0	0	99	1	1	2	1	0	0	0	0	0	0	0	0	0	0	0	0	0	1	0	0	0	0	0	0	0	0	0	1	0	0	185002	1	0	0	维克多的精华液，收集一定数量精华液和其他物品可以召唤维克多
维克多魂魄	185083	0	3	10	0	0	0	0	0	99	1	1	2	1	0	0	0	0	0	0	0	0	0	0	0	0	0	1	0	0	0	0	0	0	0	0	0	1	0	0	185003	1	0	0	维克多的魂魄，收集一定数量魂魄和其他物品可以召唤维克多
维克多魔焰石	185084	0	3	10	0	0	0	0	0	99	1	1	2	1	0	0	0	0	0	0	0	0	0	0	0	0	0	1	0	0	0	0	0	0	0	0	0	1	0	0	185004	1	0	0	维克多的魔焰石，收集一定数量魔焰石和其他物品可以召唤维克多
炎魔火灵	185091	0	3	10	0	0	0	0	0	99	1	1	2	1	0	0	0	0	0	0	0	0	0	0	0	0	0	1	0	0	0	0	0	0	0	0	0	1	0	0	185001	1	0	0	炎魔的身体碎片，收集一定数量碎片和其他物品可以召唤炎魔
炎魔精华液	185092	0	3	10	0	0	0	0	0	99	1	1	2	1	0	0	0	0	0	0	0	0	0	0	0	0	0	1	0	0	0	0	0	0	0	0	0	1	0	0	185002	1	0	0	炎魔的精华液，收集一定数量精华液和其他物品可以召唤炎魔
炎魔魂魄	185093	0	3	10	0	0	0	0	0	99	1	1	2	1	0	0	0	0	0	0	0	0	0	0	0	0	0	1	0	0	0	0	0	0	0	0	0	1	0	0	185003	1	0	0	炎魔的魂魄，收集一定数量魂魄和其他物品可以召唤炎魔
炎魔魔焰石	185094	0	3	10	0	0	0	0	0	99	1	1	2	1	0	0	0	0	0	0	0	0	0	0	0	0	0	1	0	0	0	0	0	0	0	0	0	1	0	0	185004	1	0	0	炎魔的魔焰石，收集一定数量魔焰石和其他物品可以召唤炎魔
维克多变形火灵	185101	0	3	10	0	0	0	0	0	99	1	1	2	1	0	0	0	0	0	0	0	0	0	0	0	0	0	1	0	0	0	0	0	0	0	0	0	1	0	0	185001	1	0	0	维克多变形的身体碎片，收集一定数量碎片和其他物品可以召唤维克多变形
维克多变形精华液	185102	0	3	10	0	0	0	0	0	99	1	1	2	1	0	0	0	0	0	0	0	0	0	0	0	0	0	1	0	0	0	0	0	0	0	0	0	1	0	0	185002	1	0	0	维克多变形的精华液，收集一定数量精华液和其他物品可以召唤维克多变形
维克多变形魂魄	185103	0	3	10	0	0	0	0	0	99	1	1	2	1	0	0	0	0	0	0	0	0	0	0	0	0	0	1	0	0	0	0	0	0	0	0	0	1	0	0	185003	1	0	0	维克多变形的魂魄，收集一定数量魂魄和其他物品可以召唤维克多变形
维克多变形魔焰石	185104	0	3	10	0	0	0	0	0	99	1	1	2	1	0	0	0	0	0	0	0	0	0	0	0	0	0	1	0	0	0	0	0	0	0	0	0	1	0	0	185004	1	0	0	维克多变形的魔焰石，收集一定数量魔焰石和其他物品可以召唤维克多变形
坦摩人火灵	185111	0	3	10	0	0	0	0	0	99	1	1	2	1	0	0	0	0	0	0	0	0	0	0	0	0	0	1	0	0	0	0	0	0	0	0	0	1	0	0	185001	1	0	0	坦摩人的身体碎片，收集一定数量碎片和其他物品可以召唤坦摩人
坦摩人精华液	185112	0	3	10	0	0	0	0	0	99	1	1	2	1	0	0	0	0	0	0	0	0	0	0	0	0	0	1	0	0	0	0	0	0	0	0	0	1	0	0	185002	1	0	0	坦摩人的精华液，收集一定数量精华液和其他物品可以召唤坦摩人
坦摩人魂魄	185113	0	3	10	0	0	0	0	0	99	1	1	2	1	0	0	0	0	0	0	0	0	0	0	0	0	0	1	0	0	0	0	0	0	0	0	0	1	0	0	185003	1	0	0	坦摩人的魂魄，收集一定数量魂魄和其他物品可以召唤坦摩人
坦摩人魔焰石	185114	0	3	10	0	0	0	0	0	99	1	1	2	1	0	0	0	0	0	0	0	0	0	0	0	0	0	1	0	0	0	0	0	0	0	0	0	1	0	0	185004	1	0	0	坦摩人的魔焰石，收集一定数量魔焰石和其他物品可以召唤坦摩人
阿努比斯火灵	185121	0	3	10	0	0	0	0	0	99	1	1	2	1	0	0	0	0	0	0	0	0	0	0	0	0	0	1	0	0	0	0	0	0	0	0	0	1	0	0	185001	1	0	0	阿努比斯的身体碎片，收集一定数量碎片和其他物品可以召唤阿努比斯
阿努比斯精华液	185122	0	3	10	0	0	0	0	0	99	1	1	2	1	0	0	0	0	0	0	0	0	0	0	0	0	0	1	0	0	0	0	0	0	0	0	0	1	0	0	185002	1	0	0	阿努比斯的精华液，收集一定数量精华液和其他物品可以召唤阿努比斯
阿努比斯魂魄	185123	0	3	10	0	0	0	0	0	99	1	1	2	1	0	0	0	0	0	0	0	0	0	0	0	0	0	1	0	0	0	0	0	0	0	0	0	1	0	0	185003	1	0	0	阿努比斯的魂魄，收集一定数量魂魄和其他物品可以召唤阿努比斯
阿努比斯魔焰石	185124	0	3	10	0	0	0	0	0	99	1	1	2	1	0	0	0	0	0	0	0	0	0	0	0	0	0	1	0	0	0	0	0	0	0	0	0	1	0	0	185004	1	0	0	阿努比斯的魔焰石，收集一定数量魔焰石和其他物品可以召唤阿努比斯
卢西恩火灵	185131	0	3	10	0	0	0	0	0	99	1	1	2	1	0	0	0	0	0	0	0	0	0	0	0	0	0	1	0	0	0	0	0	0	0	0	0	1	0	0	185001	1	0	0	卢西恩的身体碎片，收集一定数量碎片和其他物品可以召唤卢西恩
卢西恩精华液	185132	0	3	10	0	0	0	0	0	99	1	1	2	1	0	0	0	0	0	0	0	0	0	0	0	0	0	1	0	0	0	0	0	0	0	0	0	1	0	0	185002	1	0	0	卢西恩的精华液，收集一定数量精华液和其他物品可以召唤卢西恩
卢西恩魂魄	185133	0	3	10	0	0	0	0	0	99	1	1	2	1	0	0	0	0	0	0	0	0	0	0	0	0	0	1	0	0	0	0	0	0	0	0	0	1	0	0	185003	1	0	0	卢西恩的魂魄，收集一定数量魂魄和其他物品可以召唤卢西恩
卢西恩魔焰石	185134	0	3	10	0	0	0	0	0	99	1	1	2	1	0	0	0	0	0	0	0	0	0	0	0	0	0	1	0	0	0	0	0	0	0	0	0	1	0	0	185004	1	0	0	卢西恩的魔焰石，收集一定数量魔焰石和其他物品可以召唤卢西恩
犀牛火灵	185141	0	3	10	0	0	0	0	0	99	1	1	2	1	0	0	0	0	0	0	0	0	0	0	0	0	0	1	0	0	0	0	0	0	0	0	0	1	0	0	185001	1	0	0	犀牛的身体碎片，收集一定数量碎片和其他物品可以召唤犀牛
犀牛精华液	185142	0	3	10	0	0	0	0	0	99	1	1	2	1	0	0	0	0	0	0	0	0	0	0	0	0	0	1	0	0	0	0	0	0	0	0	0	1	0	0	185002	1	0	0	犀牛的精华液，收集一定数量精华液和其他物品可以召唤犀牛
犀牛魂魄	185143	0	3	10	0	0	0	0	0	99	1	1	2	1	0	0	0	0	0	0	0	0	0	0	0	0	0	1	0	0	0	0	0	0	0	0	0	1	0	0	185003	1	0	0	犀牛的魂魄，收集一定数量魂魄和其他物品可以召唤犀牛
犀牛魔焰石	185144	0	3	10	0	0	0	0	0	99	1	1	2	1	0	0	0	0	0	0	0	0	0	0	0	0	0	1	0	0	0	0	0	0	0	0	0	1	0	0	185004	1	0	0	犀牛的魔焰石，收集一定数量魔焰石和其他物品可以召唤犀牛
天使女火灵	185151	0	3	10	0	0	0	0	0	99	1	1	2	1	0	0	0	0	0	0	0	0	0	0	0	0	0	1	0	0	0	0	0	0	0	0	0	1	0	0	185001	1	0	0	天使女的身体碎片，收集一定数量碎片和其他物品可以召唤天使女
天使女精华液	185152	0	3	10	0	0	0	0	0	99	1	1	2	1	0	0	0	0	0	0	0	0	0	0	0	0	0	1	0	0	0	0	0	0	0	0	0	1	0	0	185002	1	0	0	天使女的精华液，收集一定数量精华液和其他物品可以召唤天使女
天使女魂魄	185153	0	3	10	0	0	0	0	0	99	1	1	2	1	0	0	0	0	0	0	0	0	0	0	0	0	0	1	0	0	0	0	0	0	0	0	0	1	0	0	185003	1	0	0	天使女的魂魄，收集一定数量魂魄和其他物品可以召唤天使女
天使女魔焰石	185154	0	3	10	0	0	0	0	0	99	1	1	2	1	0	0	0	0	0	0	0	0	0	0	0	0	0	1	0	0	0	0	0	0	0	0	0	1	0	0	185004	1	0	0	天使女的魔焰石，收集一定数量魔焰石和其他物品可以召唤天使女
霹雳火火灵	185161	0	3	10	0	0	0	0	0	99	1	1	2	1	0	0	0	0	0	0	0	0	0	0	0	0	0	1	0	0	0	0	0	0	0	0	0	1	0	0	185001	1	0	0	霹雳火的身体碎片，收集一定数量碎片和其他物品可以召唤霹雳火
霹雳火精华液	185162	0	3	10	0	0	0	0	0	99	1	1	2	1	0	0	0	0	0	0	0	0	0	0	0	0	0	1	0	0	0	0	0	0	0	0	0	1	0	0	185002	1	0	0	霹雳火的精华液，收集一定数量精华液和其他物品可以召唤霹雳火
霹雳火魂魄	185163	0	3	10	0	0	0	0	0	99	1	1	2	1	0	0	0	0	0	0	0	0	0	0	0	0	0	1	0	0	0	0	0	0	0	0	0	1	0	0	185003	1	0	0	霹雳火的魂魄，收集一定数量魂魄和其他物品可以召唤霹雳火
霹雳火魔焰石	185164	0	3	10	0	0	0	0	0	99	1	1	2	1	0	0	0	0	0	0	0	0	0	0	0	0	0	1	0	0	0	0	0	0	0	0	0	1	0	0	185004	1	0	0	霹雳火的魔焰石，收集一定数量魔焰石和其他物品可以召唤霹雳火
龙骑士火灵	185171	0	3	10	0	0	0	0	0	99	1	1	2	1	0	0	0	0	0	0	0	0	0	0	0	0	0	1	0	0	0	0	0	0	0	0	0	1	0	0	185001	1	0	0	龙骑士的身体碎片，收集一定数量碎片和其他物品可以召唤龙骑士
龙骑士精华液	185172	0	3	10	0	0	0	0	0	99	1	1	2	1	0	0	0	0	0	0	0	0	0	0	0	0	0	1	0	0	0	0	0	0	0	0	0	1	0	0	185002	1	0	0	龙骑士的精华液，收集一定数量精华液和其他物品可以召唤龙骑士
龙骑士魂魄	185173	0	3	10	0	0	0	0	0	99	1	1	2	1	0	0	0	0	0	0	0	0	0	0	0	0	0	1	0	0	0	0	0	0	0	0	0	1	0	0	185003	1	0	0	龙骑士的魂魄，收集一定数量魂魄和其他物品可以召唤龙骑士
龙骑士魔焰石	185174	0	3	10	0	0	0	0	0	99	1	1	2	1	0	0	0	0	0	0	0	0	0	0	0	0	0	1	0	0	0	0	0	0	0	0	0	1	0	0	185004	1	0	0	龙骑士的魔焰石，收集一定数量魔焰石和其他物品可以召唤龙骑士
移魂精华	189001	0	4	10	0	0	0	0	0	99	1	1	2	1	0	0	0	0	0	0	0	0	0	0	0	0	0	1	0	0	0	0	0	0	0	0	0	1	0	0	189001	1	0	0	"聚集魂魄精华而成,在英雄吞噬祭祀中增加吞噬经验，吞噬英雄可获得被吞噬英雄:100%经验。"
//恶魔城装备相关材料	0	0	0	0	0	0	0	0	0	0	0	0	0	0	0	0	0	0	0	0	0	0	0	0	0	0	0	0	0	0	0	0	0	0	0	0	0	0	0	0	0	0	0	0	0
朔月精华	190101	0	1	10	0	0	0	0	0	99	1	1	2	150	0	0	0	0	0	0	0	0	0	0	0	0	0	1	0	0	0	0	0	0	0	0	0	1	0	0	190101	1	0	0	朔月余晖汇聚而成，在低端副本中都有产出。用于武器、手套进行1阶升2阶的主要材料
朔月雕纹	190102	0	1	10	0	0	0	0	0	99	1	1	2	150	0	0	0	0	0	0	0	0	0	0	0	0	0	1	0	0	0	0	0	0	0	0	0	1	0	0	190102	1	0	0	朔月粉尘汇聚而成，在低端副本中都有产出。用于头饰、护肩、衣服、裤子进行1阶升2阶的主要材料
朔月符印	190103	0	1	10	0	0	0	0	0	99	1	1	2	150	0	0	0	0	0	0	0	0	0	0	0	0	0	1	0	0	0	0	0	0	0	0	0	1	0	0	190103	1	0	0	朔月光斑汇聚而成，在低端副本中都有产出。用于武器、手套进行1阶升2阶的辅助材料
朔月附魔	190104	0	1	10	0	0	0	0	0	99	1	1	2	150	0	0	0	0	0	0	0	0	0	0	0	0	0	1	0	0	0	0	0	0	0	0	0	1	0	0	190104	1	0	0	朔月尘埃汇聚而成，在低端副本中都有产出。用于头饰、护肩、衣服、裤子进行1阶升2阶的辅助材料
新月精华	190111	0	2	10	0	0	0	0	0	99	1	1	2	300	0	0	0	0	0	0	0	0	0	0	0	0	0	1	0	0	0	0	0	0	0	0	0	1	0	0	190111	1	0	0	新月余晖汇聚而成，在低端副本中都有产出。用于武器、手套进行2阶升3阶的主要材料
新月雕纹	190112	0	2	10	0	0	0	0	0	99	1	1	2	300	0	0	0	0	0	0	0	0	0	0	0	0	0	1	0	0	0	0	0	0	0	0	0	1	0	0	190112	1	0	0	新月粉尘汇聚而成，在低端副本中都有产出。用于头饰、护肩、衣服、裤子进行2阶升3阶的主要材料
新月符印	190113	0	2	10	0	0	0	0	0	99	1	1	2	300	0	0	0	0	0	0	0	0	0	0	0	0	0	1	0	0	0	0	0	0	0	0	0	1	0	0	190113	1	0	0	新月光斑汇聚而成，在低端副本中都有产出。用于武器、手套进行2阶升3阶的辅助材料
新月附魔	190114	0	2	10	0	0	0	0	0	99	1	1	2	300	0	0	0	0	0	0	0	0	0	0	0	0	0	1	0	0	0	0	0	0	0	0	0	1	0	0	190114	1	0	0	新月尘埃汇聚而成，在低端副本中都有产出。用于头饰、护肩、衣服、裤子进行2阶升3阶的辅助材料
眉月精华	190121	0	3	10	0	0	0	0	0	99	1	1	2	500	0	0	0	0	0	0	0	0	0	0	0	0	0	1	0	0	0	0	0	0	0	0	0	1	0	0	190121	1	0	0	眉月余晖汇聚而成，在低端副本中都有产出。用于武器、手套进行3阶升4阶的主要材料
眉月雕纹	190122	0	3	10	0	0	0	0	0	99	1	1	2	500	0	0	0	0	0	0	0	0	0	0	0	0	0	1	0	0	0	0	0	0	0	0	0	1	0	0	190122	1	0	0	眉月粉尘汇聚而成，在低端副本中都有产出。用于头饰、护肩、衣服、裤子进行3阶升4阶的主要材料
眉月符印	190123	0	3	10	0	0	0	0	0	99	1	1	2	500	0	0	0	0	0	0	0	0	0	0	0	0	0	1	0	0	0	0	0	0	0	0	0	1	0	0	190123	1	0	0	眉月光斑汇聚而成，在低端副本中都有产出。用于武器、手套进行3阶升4阶的辅助材料
眉月附魔	190124	0	3	10	0	0	0	0	0	99	1	1	2	500	0	0	0	0	0	0	0	0	0	0	0	0	0	1	0	0	0	0	0	0	0	0	0	1	0	0	190124	1	0	0	眉月尘埃汇聚而成，在低端副本中都有产出。用于头饰、护肩、衣服、裤子进行3阶升4阶的辅助材料
弦月精华	190131	0	4	10	0	0	0	0	0	99	1	1	2	800	0	0	0	0	0	0	0	0	0	0	0	0	0	1	0	0	0	0	0	0	0	0	0	1	0	0	190131	1	0	0	弦月余晖汇聚而成，在中等级副本都有产出。用于武器、手套进行4阶升5阶的主要材料
弦月雕纹	190132	0	4	10	0	0	0	0	0	99	1	1	2	800	0	0	0	0	0	0	0	0	0	0	0	0	0	1	0	0	0	0	0	0	0	0	0	1	0	0	190132	1	0	0	弦月粉尘汇聚而成，在中等级副本都有产出。用于头饰、护肩、衣服、裤子进行4阶升5阶的主要材料
弦月符印	190133	0	4	10	0	0	0	0	0	99	1	1	2	800	0	0	0	0	0	0	0	0	0	0	0	0	0	1	0	0	0	0	0	0	0	0	0	1	0	0	190133	1	0	0	弦月光斑汇聚而成，在中等级副本都有产出。用于武器、手套进行4阶升5阶的辅助材料
弦月附魔	190134	0	4	10	0	0	0	0	0	99	1	1	2	800	0	0	0	0	0	0	0	0	0	0	0	0	0	1	0	0	0	0	0	0	0	0	0	1	0	0	190134	1	0	0	弦月尘埃汇聚而成，在中等级副本都有产出。用于头饰、护肩、衣服、裤子进行4阶升5阶的辅助材料
半月精华	190141	0	5	10	0	0	0	0	0	99	1	1	2	1200	0	0	0	0	0	0	0	0	0	0	0	0	0	1	0	0	0	0	0	0	0	0	0	1	0	0	190141	1	0	0	半月余晖汇聚而成，在中等级副本都有产出。用于武器、手套进行5阶升6阶的主要材料
半月雕纹	190142	0	5	10	0	0	0	0	0	99	1	1	2	1200	0	0	0	0	0	0	0	0	0	0	0	0	0	1	0	0	0	0	0	0	0	0	0	1	0	0	190142	1	0	0	半月粉尘汇聚而成，在中等级副本都有产出。用于头饰、护肩、衣服、裤子进行5阶升6阶的主要材料
半月符印	190143	0	5	10	0	0	0	0	0	99	1	1	2	1200	0	0	0	0	0	0	0	0	0	0	0	0	0	1	0	0	0	0	0	0	0	0	0	1	0	0	190143	1	0	0	半月光斑汇聚而成，在中等级副本都有产出。用于武器、手套进行5阶升6阶的辅助材料
半月附魔	190144	0	5	10	0	0	0	0	0	99	1	1	2	1200	0	0	0	0	0	0	0	0	0	0	0	0	0	1	0	0	0	0	0	0	0	0	0	1	0	0	190144	1	0	0	半月尘埃汇聚而成，在中等级副本都有产出。用于头饰、护肩、衣服、裤子进行5阶升6阶的辅助材料
满月精华	190151	0	6	10	0	0	0	0	0	99	1	1	2	1600	0	0	0	0	0	0	0	0	0	0	0	0	0	1	0	0	0	0	0	0	0	0	0	1	0	0	190151	1	0	0	满月余晖汇聚而成，在中等级副本都有产出。用于武器、手套进行6阶升7阶的主要材料
满月雕纹	190152	0	6	10	0	0	0	0	0	99	1	1	2	1600	0	0	0	0	0	0	0	0	0	0	0	0	0	1	0	0	0	0	0	0	0	0	0	1	0	0	190152	1	0	0	满月粉尘汇聚而成，在中等级副本都有产出。用于头饰、护肩、衣服、裤子进行7阶升8阶的主要材料
满月符印	190153	0	6	10	0	0	0	0	0	99	1	1	2	1600	0	0	0	0	0	0	0	0	0	0	0	0	0	1	0	0	0	0	0	0	0	0	0	1	0	0	190153	1	0	0	满月光斑汇聚而成，在中等级副本都有产出。用于武器、手套进行6阶升7阶的辅助材料
满月附魔	190154	0	6	10	0	0	0	0	0	99	1	1	2	1600	0	0	0	0	0	0	0	0	0	0	0	0	0	1	0	0	0	0	0	0	0	0	0	1	0	0	190154	1	0	0	满月尘埃汇聚而成，在中等级副本都有产出。用于头饰、护肩、衣服、裤子进行6阶升7阶的辅助材料
皓月精华	190161	0	7	10	0	0	0	0	0	99	1	1	2	2000	0	0	0	0	0	0	0	0	0	0	0	0	0	1	0	0	0	0	0	0	0	0	0	1	0	0	190161	1	0	0	皓月余晖汇聚而成，在高等级副本都有产出。用于武器、手套进行7阶升8阶的主要材料
皓月雕纹	190162	0	7	10	0	0	0	0	0	99	1	1	2	2000	0	0	0	0	0	0	0	0	0	0	0	0	0	1	0	0	0	0	0	0	0	0	0	1	0	0	190162	1	0	0	皓月粉尘汇聚而成，在高等级副本都有产出。用于头饰、护肩、衣服、裤子进行7阶升8阶的主要材料
皓月符印	190163	0	7	10	0	0	0	0	0	99	1	1	2	2000	0	0	0	0	0	0	0	0	0	0	0	0	0	1	0	0	0	0	0	0	0	0	0	1	0	0	190163	1	0	0	皓月光斑汇聚而成，在高等级副本都有产出。用于武器、手套进行7阶升8阶的辅助材料
皓月附魔	190164	0	7	10	0	0	0	0	0	99	1	1	2	2000	0	0	0	0	0	0	0	0	0	0	0	0	0	1	0	0	0	0	0	0	0	0	0	1	0	0	190164	1	0	0	皓月尘埃汇聚而成，在高等级副本都有产出。用于头饰、护肩、衣服、裤子进行7阶升8阶的辅助材料
赤月精华	190171	0	8	10	0	0	0	0	0	99	1	1	2	3000	0	0	0	0	0	0	0	0	0	0	0	0	0	1	0	0	0	0	0	0	0	0	0	1	0	0	190171	1	0	0	赤月余晖汇聚而成，在高等级副本都有产出。用于武器、手套进行8阶升9阶的主要材料
赤月雕纹	190172	0	8	10	0	0	0	0	0	99	1	1	2	3000	0	0	0	0	0	0	0	0	0	0	0	0	0	1	0	0	0	0	0	0	0	0	0	1	0	0	190172	1	0	0	赤月粉尘汇聚而成，在高等级副本都有产出。用于头饰、护肩、衣服、裤子进行8阶升9阶的主要材料
赤月符印	190173	0	8	10	0	0	0	0	0	99	1	1	2	3000	0	0	0	0	0	0	0	0	0	0	0	0	0	1	0	0	0	0	0	0	0	0	0	1	0	0	190173	1	0	0	赤月光斑汇聚而成，在高等级副本都有产出。用于武器、手套进行8阶升9阶的辅助材料
赤月附魔	190174	0	8	10	0	0	0	0	0	99	1	1	2	3000	0	0	0	0	0	0	0	0	0	0	0	0	0	1	0	0	0	0	0	0	0	0	0	1	0	0	190174	1	0	0	赤月尘埃汇聚而成，在高等级副本都有产出。用于头饰、护肩、衣服、裤子进行8阶升9阶的辅助材料
血月精华	190181	0	9	10	0	0	0	0	0	99	1	1	2	5000	0	0	0	0	0	0	0	0	0	0	0	0	0	1	0	0	0	0	0	0	0	0	0	1	0	0	190181	1	0	0	血月余晖汇聚而成，在高等级副本都有产出。用于武器、手套进行9阶升10阶的主要材料
血月雕纹	190182	0	9	10	0	0	0	0	0	99	1	1	2	5000	0	0	0	0	0	0	0	0	0	0	0	0	0	1	0	0	0	0	0	0	0	0	0	1	0	0	190182	1	0	0	血月粉尘汇聚而成，在高等级副本都有产出。用于头饰、护肩、衣服、裤子进行9阶升10阶的主要材料
血月符印	190183	0	9	10	0	0	0	0	0	99	1	1	2	5000	0	0	0	0	0	0	0	0	0	0	0	0	0	1	0	0	0	0	0	0	0	0	0	1	0	0	190183	1	0	0	血月光斑汇聚而成，在高等级副本都有产出。用于武器、手套进行9阶升10阶的辅助材料
血月附魔	190184	0	9	10	0	0	0	0	0	99	1	1	2	5000	0	0	0	0	0	0	0	0	0	0	0	0	0	1	0	0	0	0	0	0	0	0	0	1	0	0	190184	1	0	0	血月尘埃汇聚而成，在高等级副本都有产出。用于头饰、护肩、衣服、裤子进行9阶升10阶的辅助材料
流星余晖	190201	0	1	10	0	0	0	0	0	99	1	1	2	2000	0	0	0	0	0	0	0	0	0	0	0	0	0	1	0	0	0	0	0	0	0	0	0	1	0	0	190201	1	0	0	流星划过天际所遗落的余晖构成，可用于装备升星的材料，提升1阶装备星数
慧星余晖	190202	0	2	10	0	0	0	0	0	99	1	1	2	2000	0	0	0	0	0	0	0	0	0	0	0	0	0	1	0	0	0	0	0	0	0	0	0	1	0	0	190202	1	0	0	慧星划过天际所遗落的余晖构成，可用于装备升星的材料，提升2阶装备星数
行星余晖	190203	0	3	10	0	0	0	0	0	99	1	1	2	2000	0	0	0	0	0	0	0	0	0	0	0	0	0	1	0	0	0	0	0	0	0	0	0	1	0	0	190203	1	0	0	行星划过天际所遗落的余晖构成，可用于装备升星的材料，提升3阶装备星数
恒星余晖	190204	0	4	10	0	0	0	0	0	99	1	1	2	2000	0	0	0	0	0	0	0	0	0	0	0	0	0	1	0	0	0	0	0	0	0	0	0	1	0	0	190204	1	0	0	恒星划过天际所遗落的余晖构成，可用于装备升星的材料，提升4阶装备星数
水星余晖	190205	0	5	10	0	0	0	0	0	99	1	1	2	2000	0	0	0	0	0	0	0	0	0	0	0	0	0	1	0	0	0	0	0	0	0	0	0	1	0	0	190205	1	0	0	水星划过天际所遗落的余晖构成，可用于装备升星的材料，提升5阶装备星数
金星余晖	190206	0	6	10	0	0	0	0	0	99	1	1	2	2000	0	0	0	0	0	0	0	0	0	0	0	0	0	1	0	0	0	0	0	0	0	0	0	1	0	0	190206	1	0	0	金星划过天际所遗落的余晖构成，可用于装备升星的材料，提升6阶装备星数
火星余晖	190207	0	7	10	0	0	0	0	0	99	1	1	2	2000	0	0	0	0	0	0	0	0	0	0	0	0	0	1	0	0	0	0	0	0	0	0	0	1	0	0	190207	1	0	0	火星划过天际所遗落的余晖构成，可用于装备升星的材料，提升7阶装备星数
木星余晖	190208	0	8	10	0	0	0	0	0	99	1	1	2	2000	0	0	0	0	0	0	0	0	0	0	0	0	0	1	0	0	0	0	0	0	0	0	0	1	0	0	190208	1	0	0	木星划过天际所遗落的余晖构成，可用于装备升星的材料，提升8阶装备星数
土星余晖	190209	0	9	10	0	0	0	0	0	99	1	1	2	2000	0	0	0	0	0	0	0	0	0	0	0	0	0	1	0	0	0	0	0	0	0	0	0	1	0	0	190209	1	0	0	土星划过天际所遗落的余晖构成，可用于装备升星的材料，提升9阶装备星数
太阳余晖	190210	0	10	10	0	0	0	0	0	99	1	1	2	2000	0	0	0	0	0	0	0	0	0	0	0	0	0	1	0	0	0	0	0	0	0	0	0	1	0	0	190210	1	0	0	太阳划过天际所遗落的余晖构成，可用于装备升星的材料，提升10阶装备星数
月光元素	190301	0	1	10	0	0	0	0	0	99	1	1	2	998	0	0	0	0	0	0	0	0	0	0	0	0	0	1	0	0	0	0	0	0	0	0	0	1	0	0	190301	1	0	0	传说中构成月光的必备元素，是装备升级刻印1阶段所需道具
日光元素	190302	0	2	10	0	0	0	0	0	99	1	1	2	998	0	0	0	0	0	0	0	0	0	0	0	0	0	1	0	0	0	0	0	0	0	0	0	1	0	0	190302	1	0	0	传说中构成日光的必备元素，是装备升级刻印2阶段所需道具
魔光元素	190303	0	3	10	0	0	0	0	0	99	1	1	2	998	0	0	0	0	0	0	0	0	0	0	0	0	0	1	0	0	0	0	0	0	0	0	0	1	0	0	190303	1	0	0	传说中构成魔光的必备元素，是装备升级刻印3阶段所需道具
圣光元素	190304	0	4	10	0	0	0	0	0	99	1	1	2	998	0	0	0	0	0	0	0	0	0	0	0	0	0	1	0	0	0	0	0	0	0	0	0	1	0	0	190304	1	0	0	传说中构成圣光的必备元素，是装备升级刻印4阶段所需道具
冥火之拥	190311	0	2	10	0	0	0	0	0	99	1	1	2	998	0	0	0	0	0	0	0	0	0	0	0	0	0	1	0	0	0	0	0	0	0	0	0	1	0	0	190311	1	0	0	为得到刻意之力的冥气汇聚而成，可用来保护刻印不受外界影响而变化。
精淬之力	190401	0	2	10	0	0	0	0	0	99	1	1	2	998	0	0	0	0	0	0	0	0	0	0	0	0	0	1	0	0	0	0	0	0	0	0	0	1	0	0	900000	1	0	0	传说为工匠大师，的精气汇聚而成，是鉴定装备的必备材料，可以用于挖掘装备的潜质，激发出装备的隐藏属性
精粹火焰	190411	0	2	10	0	0	0	0	0	99	1	1	2	998	0	0	0	0	0	0	0	0	0	0	0	0	0	1	0	0	0	0	0	0	0	0	0	1	0	0	900000	1	0	0	天神锻造圣器时遗落的火焰尘埃，可以保持装备的某些特性。在鉴定装备时使用它可以让装备特定属性不被改变。
礼包测试用	190421	0	2	19	0	0	0	0	0	99	1	1	2	998	0	0	0	0	0	0	0	0	0	0	0	0	0	1	0	0	0	0	0	0	0	0	0	1	0	0	190421	1	0	0	礼包测试用
//技能书升级相应的技能	0	0	0	0	0	0	0	0	0	0	0	0	0	0	0	0	0	0	0	0	0	0	0	0	0	0	0	0	0	0	0	0	0	0	0	0	0	0	0	0	0	0	0	0	0
血影疾风	190431	0	2	15	0	0	0	0	0	99	1	1	0	998	0	0	0	0	0	0	0	0	0	0	0	0	0	1	0	0	0	0	0	0	0	0	0	1	0	0	9000000	1	0	0	技能测试用
烈焰风暴	190432	0	2	15	0	0	0	0	0	99	1	1	0	998	0	0	0	0	0	0	0	0	0	0	0	0	0	1	0	0	0	0	0	0	0	0	0	1	0	0	9000000	1	0	0	技能测试用
血染长空	190433	0	2	15	0	0	0	0	0	99	1	1	0	998	0	0	0	0	0	0	0	0	0	0	0	0	0	1	0	0	0	0	0	0	0	0	0	1	0	0	9000000	1	0	0	技能测试用
吸血鬼之翼	190434	0	2	15	0	0	0	0	0	99	1	1	0	998	0	0	0	0	0	0	0	0	0	0	0	0	0	1	0	0	0	0	0	0	0	0	0	1	0	0	9000000	1	0	0	技能测试用
死神降临	190435	0	2	15	0	0	0	0	0	99	1	1	0	998	0	0	0	0	0	0	0	0	0	0	0	0	0	1	0	0	0	0	0	0	0	0	0	1	0	0	9000000	1	0	0	技能测试用
枪茫光影	190436	0	2	15	0	0	0	0	0	99	1	1	0	998	0	0	0	0	0	0	0	0	0	0	0	0	0	1	0	0	0	0	0	0	0	0	0	1	0	0	9000000	1	0	0	技能测试用
黑夜闪光	190437	0	2	15	0	0	0	0	0	99	1	1	0	998	0	0	0	0	0	0	0	0	0	0	0	0	0	1	0	0	0	0	0	0	0	0	0	1	0	0	9000000	1	0	0	技能测试用
无影之光	190438	0	2	15	0	0	0	0	0	99	1	1	0	998	0	0	0	0	0	0	0	0	0	0	0	0	0	1	0	0	0	0	0	0	0	0	0	1	0	0	9000000	1	0	0	技能测试用
日月无光	190439	0	2	15	0	0	0	0	0	99	1	1	0	998	0	0	0	0	0	0	0	0	0	0	0	0	0	1	0	0	0	0	0	0	0	0	0	1	0	0	9000000	1	0	0	技能测试用
地狱烈火	190440	0	2	15	0	0	0	0	0	99	1	1	0	998	0	0	0	0	0	0	0	0	0	0	0	0	0	1	0	0	0	0	0	0	0	0	0	1	0	0	9000000	1	0	0	技能测试用
灵魂操控	190441	0	2	15	0	0	0	0	0	99	1	1	0	998	0	0	0	0	0	0	0	0	0	0	0	0	0	1	0	0	0	0	0	0	0	0	0	1	0	0	9000000	1	0	0	技能测试用
恶魔之影	190442	0	2	15	0	0	0	0	0	99	1	1	0	998	0	0	0	0	0	0	0	0	0	0	0	0	0	1	0	0	0	0	0	0	0	0	0	1	0	0	9000000	1	0	0	技能测试用
恶魔之吻	190443	0	2	15	0	0	0	0	0	99	1	1	0	998	0	0	0	0	0	0	0	0	0	0	0	0	0	1	0	0	0	0	0	0	0	0	0	1	0	0	9000000	1	0	0	技能测试用
恶魔契约	190444	0	2	15	0	0	0	0	0	99	1	1	0	998	0	0	0	0	0	0	0	0	0	0	0	0	0	1	0	0	0	0	0	0	0	0	0	1	0	0	9000000	1	0	0	技能测试用
魔王降临	190445	0	2	15	0	0	0	0	0	99	1	1	0	998	0	0	0	0	0	0	0	0	0	0	0	0	0	1	0	0	0	0	0	0	0	0	0	1	0	0	9000000	1	0	0	技能测试用
暴击	190446	0	2	15	0	0	0	0	0	99	1	1	0	998	0	0	0	0	0	0	0	0	0	0	0	0	0	1	0	0	0	0	0	0	0	0	0	1	0	0	9000000	1	0	0	技能测试用
抗暴	190447	0	2	15	0	0	0	0	0	99	1	1	0	998	0	0	0	0	0	0	0	0	0	0	0	0	0	1	0	0	0	0	0	0	0	0	0	1	0	0	9000000	1	0	0	技能测试用
破击	190448	0	2	15	0	0	0	0	0	99	1	1	0	998	0	0	0	0	0	0	0	0	0	0	0	0	0	1	0	0	0	0	0	0	0	0	0	1	0	0	9000000	1	0	0	技能测试用
防破	190449	0	2	15	0	0	0	0	0	99	1	1	0	998	0	0	0	0	0	0	0	0	0	0	0	0	0	1	0	0	0	0	0	0	0	0	0	1	0	0	9000000	1	0	0	技能测试用
穿刺	190450	0	2	15	0	0	0	0	0	99	1	1	0	998	0	0	0	0	0	0	0	0	0	0	0	0	0	1	0	0	0	0	0	0	0	0	0	1	0	0	9000000	1	0	0	技能测试用
抗穿	190451	0	2	15	0	0	0	0	0	99	1	1	0	998	0	0	0	0	0	0	0	0	0	0	0	0	0	1	0	0	0	0	0	0	0	0	0	1	0	0	9000000	1	0	0	技能测试用
流星火雨	190452	0	2	15	0	0	0	0	0	99	1	1	0	998	0	0	0	0	0	0	0	0	0	0	0	0	0	1	0	0	0	0	0	0	0	0	0	1	0	0	6001001	1	0	0	天降神罚对全屏怪物造成角色基础攻击300%的伤害
奥义体术	190453	0	2	15	0	0	0	0	0	99	1	1	0	998	0	0	0	0	0	0	0	0	0	0	0	0	0	1	0	0	0	0	0	0	0	0	0	1	0	0	6002001	1	0	0	天之秘术60秒内角色全属性提升50%
弱点击破	190454	0	2	15	0	0	0	0	0	99	1	1	0	998	0	0	0	0	0	0	0	0	0	0	0	0	0	1	0	0	0	0	0	0	0	0	0	1	0	0	6003001	1	0	0	神之眼5秒内移除目标所有防御属性
无敌金身	190455	0	2	15	0	0	0	0	0	99	1	1	0	998	0	0	0	0	0	0	0	0	0	0	0	0	0	1	0	0	0	0	0	0	0	0	0	1	0	0	6004001	1	0	0	天神附身5秒内不受任何技能伤害
霸气外放	190456	0	2	15	0	0	0	0	0	99	1	1	0	998	0	0	0	0	0	0	0	0	0	0	0	0	0	1	0	0	0	0	0	0	0	0	0	1	0	0	6005001	1	0	0	狂怒之体将自身周围的目标击退，并造成基础攻击200%的伤害
狂风斩	190457	0	2	15	0	0	0	0	0	99	1	1	0	998	0	0	0	0	0	0	0	0	0	0	0	0	0	1	0	0	0	0	0	0	0	0	0	1	0	0	9000000	1	0	0	技能测试用
暴力砍杀	190458	0	2	15	0	0	0	0	0	99	1	1	0	998	0	0	0	0	0	0	0	0	0	0	0	0	0	1	0	0	0	0	0	0	0	0	0	1	0	0	9000000	1	0	0	技能测试用
风之舞动	190459	0	2	15	0	0	0	0	0	99	1	1	0	998	0	0	0	0	0	0	0	0	0	0	0	0	0	1	0	0	0	0	0	0	0	0	0	1	0	0	9000000	1	0	0	技能测试用
狼人狂化	190460	0	2	15	0	0	0	0	0	99	1	1	0	998	0	0	0	0	0	0	0	0	0	0	0	0	0	1	0	0	0	0	0	0	0	0	0	1	0	0	9000000	1	0	0	技能测试用
巨狼吞噬	190461	0	2	15	0	0	0	0	0	99	1	1	0	998	0	0	0	0	0	0	0	0	0	0	0	0	0	1	0	0	0	0	0	0	0	0	0	1	0	0	9000000	1	0	0	技能测试用
风影狼爪	190462	0	2	15	0	0	0	0	0	99	1	1	0	998	0	0	0	0	0	0	0	0	0	0	0	0	0	1	0	0	0	0	0	0	0	0	0	1	0	0	9000000	1	0	0	技能测试用
风旋利爪	190463	0	2	15	0	0	0	0	0	99	1	1	0	998	0	0	0	0	0	0	0	0	0	0	0	0	0	1	0	0	0	0	0	0	0	0	0	1	0	0	9000000	1	0	0	技能测试用
野蛮冲撞	190464	0	2	15	0	0	0	0	0	99	1	1	0	998	0	0	0	0	0	0	0	0	0	0	0	0	0	1	0	0	0	0	0	0	0	0	0	1	0	0	9000000	1	0	0	技能测试用
群狼乱舞	190465	0	2	15	0	0	0	0	0	99	1	1	0	998	0	0	0	0	0	0	0	0	0	0	0	0	0	1	0	0	0	0	0	0	0	0	0	1	0	0	9000000	1	0	0	技能测试用
狂风狼王	190466	0	2	15	0	0	0	0	0	99	1	1	0	998	0	0	0	0	0	0	0	0	0	0	0	0	0	1	0	0	0	0	0	0	0	0	0	1	0	0	9000000	1	0	0	技能测试用
螺旋风刃	190467	0	2	15	0	0	0	0	0	99	1	1	0	998	0	0	0	0	0	0	0	0	0	0	0	0	0	1	0	0	0	0	0	0	0	0	0	1	0	0	9000000	1	0	0	技能测试用
疾风尖刺	190468	0	2	15	0	0	0	0	0	99	1	1	0	998	0	0	0	0	0	0	0	0	0	0	0	0	0	1	0	0	0	0	0	0	0	0	0	1	0	0	9000000	1	0	0	技能测试用
超级回旋镖	190469	0	2	15	0	0	0	0	0	99	1	1	0	998	0	0	0	0	0	0	0	0	0	0	0	0	0	1	0	0	0	0	0	0	0	0	0	1	0	0	9000000	1	0	0	技能测试用
暴风空间刃	190470	0	2	15	0	0	0	0	0	99	1	1	0	998	0	0	0	0	0	0	0	0	0	0	0	0	0	1	0	0	0	0	0	0	0	0	0	1	0	0	9000000	1	0	0	技能测试用
龙卷飞沙	190471	0	2	15	0	0	0	0	0	99	1	1	0	998	0	0	0	0	0	0	0	0	0	0	0	0	0	1	0	0	0	0	0	0	0	0	0	1	0	0	9000000	1	0	0	技能测试用
//奥义技能使用所消耗的道具	0	0	0	0	0	0	0	0	0	0	0	0	0	0	0	0	0	0	0	0	0	0	0	0	0	0	0	0	0	0	0	0	0	0	0	0	0	0	0	0	0	0	0	0	0
红圣水	190500	0	2	10	0	0	0	0	0	99	1	1	2	100	0	0	0	0	0	0	0	0	0	0	0	0	0	1	0	0	0	0	0	0	0	0	0	1	0	0	190610	1	0	0	上帝之血，包裹着无限的力量当被凡人激活时会释放出毁天灭地的“流星火雨”
橙圣水	190501	0	2	10	0	0	0	0	0	99	1	1	2	100	0	0	0	0	0	0	0	0	0	0	0	0	0	1	0	0	0	0	0	0	0	0	0	1	0	0	190610	1	0	0	上帝之躯，蕴藏着无限的力量当被凡人激活时可以释放“奥义体术”
黄圣水	190502	0	2	10	0	0	0	0	0	99	1	1	2	100	0	0	0	0	0	0	0	0	0	0	0	0	0	1	0	0	0	0	0	0	0	0	0	1	0	0	190610	1	0	0	上帝之眼，可以看破宇宙的一切当被凡人激活时可以释放“弱点击破”
绿圣水	190503	0	2	10	0	0	0	0	0	99	1	1	2	100	0	0	0	0	0	0	0	0	0	0	0	0	0	1	0	0	0	0	0	0	0	0	0	1	0	0	190610	1	0	0	上帝之心，无限的力量来源一颗悲天悯人的心当被凡人激活时可以释放“无敌金身”
青圣水	190504	0	2	10	0	0	0	0	0	99	1	1	2	100	0	0	0	0	0	0	0	0	0	0	0	0	0	1	0	0	0	0	0	0	0	0	0	1	0	0	190610	1	1	0	上帝之手，一切的一切能将被他挥退当被凡人激活时可以释放“霸气外放”
//称号兑换所消耗的道具	0	0	0	0	0	0	0	0	0	0	0	0	0	0	0	0	0	0	0	0	0	0	0	0	0	0	0	0	0	0	0	0	0	0	0	0	0	0	0	0	0	0	0	0	0
荣誉徽章	190650	0	2	23	0	0	0	0	0	999	1	1	2	998	0	0	0	0	0	0	0	0	0	0	0	0	0	1	0	0	0	0	0	0	0	0	0	1	0	0	190650	1	1	0	上帝的宠儿，无上的荣誉。可在荣誉-血族称号中激活“吸血鬼猎人”称号
猎魔徽章	190651	0	2	23	0	0	0	0	0	999	1	1	2	998	0	0	0	0	0	0	0	0	0	0	0	0	0	1	0	0	0	0	0	0	0	0	0	1	0	0	190651	1	1	0	一切邪恶的聚集，破灭黑暗的精英。可在荣誉-血族称号中激活“猎魔人皇”称号
暗夜徽章	190652	0	2	23	0	0	0	0	0	999	1	1	2	998	0	0	0	0	0	0	0	0	0	0	0	0	0	1	0	0	0	0	0	0	0	0	0	1	0	0	190652	1	1	0	黑夜是你的天堂，敌人的末日。可在荣誉-血族称号中激活“暗夜之王”称号
主宰徽章	190653	0	2	23	0	0	0	0	0	999	1	1	2	998	0	0	0	0	0	0	0	0	0	0	0	0	0	1	0	0	0	0	0	0	0	0	0	1	0	0	190653	1	1	0	黑夜的君王，你的臣民匍匐在你的脚下。可在荣誉-血族称号中激活“黑暗主宰”称号
神王徽章	190654	0	2	23	0	0	0	0	0	999	1	1	2	998	0	0	0	0	0	0	0	0	0	0	0	0	0	1	0	0	0	0	0	0	0	0	0	1	0	0	190654	1	1	0	永恒难道是我最后的选择。可在荣誉-血族称号中激活“永恒神王”称号
土豪徽章	190655	0	2	23	0	0	0	0	0	999	1	1	2	998	0	0	0	0	0	0	0	0	0	0	0	0	0	1	0	0	0	0	0	0	0	0	0	1	0	0	190655	1	1	0	哥的气质你们不懂。可在荣誉-血族称号中激活“叫我土豪哥”称号
高大上徽章	190656	0	2	23	0	0	0	0	0	999	1	1	2	998	0	0	0	0	0	0	0	0	0	0	0	0	0	1	0	0	0	0	0	0	0	0	0	1	0	0	190656	1	1	0	什么是高，什么是大，什么是上，让我们慢慢告诉你。可在荣誉-血族称号中激活“高大上”称号
女神徽章	190657	0	2	23	0	0	0	0	0	999	1	1	2	998	0	0	0	0	0	0	0	0	0	0	0	0	0	1	0	0	0	0	0	0	0	0	0	1	0	0	190657	1	1	0	什么我的世界，宅男们还有什么希望。可在荣誉-血族称号中激活“宅男女神”称号
姐的爱徽章	190658	0	2	23	0	0	0	0	0	999	1	1	2	998	0	0	0	0	0	0	0	0	0	0	0	0	0	1	0	0	0	0	0	0	0	0	0	1	0	0	190658	1	1	0	姐的眼睛里揉不下沙子。可在荣誉-血族称号中激活“姐只爱帅哥”称号
熊孩子徽章	190659	0	2	23	0	0	0	0	0	999	1	1	2	998	0	0	0	0	0	0	0	0	0	0	0	0	0	1	0	0	0	0	0	0	0	0	0	1	0	0	190659	1	1	0	来吧，让你看看什么才是真正的残酷。可在荣誉-血族称号中激活“熊孩子”称号
暮光之城徽章	190660	0	2	23	0	0	0	0	0	999	1	1	2	998	0	0	0	0	0	0	0	0	0	0	0	0	0	1	0	0	0	0	0	0	0	0	0	1	0	0	190660	1	1	0	让我带着你飞，在月圆之夜。可在荣誉-血族称号中激活“暮光之城”称号
酱油徽章	190661	0	2	23	0	0	0	0	0	999	1	1	2	998	0	0	0	0	0	0	0	0	0	0	0	0	0	1	0	0	0	0	0	0	0	0	0	1	0	0	190661	1	1	0	有一种态度是让我在这个时空不停的思考。可在荣誉-血族称号中激活“专业打酱油”称号
马年徽章	190662	0	2	23	0	0	0	0	0	999	1	1	2	998	0	0	0	0	0	0	0	0	0	0	0	0	0	1	0	0	0	0	0	0	0	0	0	1	0	0	190662	1	1	0	没有宝马怎能说明我成功。可在荣誉-血族称号中激活“马到成功”称号
浪漫徽章	190663	0	2	23	0	0	0	0	0	999	1	1	2	998	0	0	0	0	0	0	0	0	0	0	0	0	0	1	0	0	0	0	0	0	0	0	0	1	0	0	190663	1	1	0	温柔的我可以全方位的包裹着你。可在荣誉-血族称号中激活“浪漫情人”称号
单身徽章	190664	0	2	23	0	0	0	0	0	999	1	1	2	998	0	0	0	0	0	0	0	0	0	0	0	0	0	1	0	0	0	0	0	0	0	0	0	1	0	0	190664	1	1	0	孤独和孤单其实不一样。可在荣誉-血族称号中激活“单身情歌”称号
爸比徽章	190665	0	2	23	0	0	0	0	0	999	1	1	2	998	0	0	0	0	0	0	0	0	0	0	0	0	0	1	0	0	0	0	0	0	0	0	0	1	0	0	190665	1	1	0	当我成为你，我能理解所有。可在荣誉-血族称号中激活“爸爸去哪里”称号
金钱徽章	190666	0	2	23	0	0	0	0	0	999	1	1	2	998	0	0	0	0	0	0	0	0	0	0	0	0	0	1	0	0	0	0	0	0	0	0	0	1	0	0	190666	1	1	0	钱的作用只有我知道。可在荣誉-血族称号中激活“挥金如土”称号
钻石徽章	190667	0	2	23	0	0	0	0	0	999	1	1	2	998	0	0	0	0	0	0	0	0	0	0	0	0	0	1	0	0	0	0	0	0	0	0	0	1	0	0	190667	1	1	0	做自己的我，走自己的路。可在荣誉-血族称号中激活“纸醉金迷”称号
福星徽章	190668	0	2	23	0	0	0	0	0	999	1	1	2	998	0	0	0	0	0	0	0	0	0	0	0	0	0	1	0	0	0	0	0	0	0	0	0	1	0	0	190668	1	1	0	我身上有一种气质，不是你们能够拥有的。可在荣誉-血族称号中激活“富贵逼人”称号
万能徽章	190669	0	2	23	0	0	0	0	0	999	1	1	2	998	0	0	0	0	0	0	0	0	0	0	0	0	0	1	0	0	0	0	0	0	0	0	0	1	0	0	190669	1	1	0	只要我出现的地方，就没有不可能。可在荣誉-血族称号中激活“没有不可能”称号
好人徽章	190670	0	2	23	0	0	0	0	0	999	1	1	2	998	0	0	0	0	0	0	0	0	0	0	0	0	0	1	0	0	0	0	0	0	0	0	0	1	0	0	190670	1	1	0	不要好人卡，因为我就是好人。可在荣誉-血族称号中激活“中国好人”称号
爱情徽章	190671	0	2	23	0	0	0	0	0	999	1	1	2	20000	0	0	0	0	0	0	0	0	0	0	0	0	0	1	0	0	0	0	0	0	0	0	0	1	0	0	190671	1	1	0	我的一切就是为你而存在。可在荣誉-血族称号中激活“为爱走天涯”称号
荣耀之星	190700	0	2	23	0	0	0	0	0	999	1	1	2	20000	0	0	0	0	0	0	0	0	0	0	0	0	0	1	0	0	0	0	1	0	0	0	0	1	0	0	190700	1	1	0	使用后增加荣耀点1000000
//关卡徽章道具	0	0	0	0	0	0	0	0	0	0	0	0	0	0	0	0	0	0	0	0	0	0	0	0	0	0	0	0	0	0	0	0	0	0	0	0	0	0	0	0	0	0	0	0	0
神器碎片礼包1	190701	0	0	0	0	0	0	0	0	1	0	1	0	1	0	0	0	0	0	0	0	0	0	0	0	0	0	0	0	0	0	0	1	0	0	0	0	0	0	0	190421	0	0	0	天神赠与人类的恩赐，开启它将获得丰富的奖励。礼包奖励：  鉴定×9   鉴定保护×2 星耀水晶×9
神器碎片礼包2	190702	0	0	0	0	0	0	0	0	1	0	1	0	1	0	0	0	0	0	0	0	0	0	0	0	0	0	0	0	0	0	0	1	0	0	0	0	0	0	0	190421	0	0	0	礼包奖励：  鉴定×9   鉴定保护×2 星耀水晶×9
神器碎片礼包3	190703	0	0	0	0	0	0	0	0	1	0	1	0	1	0	0	0	0	0	0	0	0	0	0	0	0	0	0	0	0	0	0	1	0	0	0	0	0	0	0	190421	0	0	0	礼包奖励：  鉴定×9   鉴定保护×2 星耀水晶×9
神器碎片礼包4	190704	0	0	0	0	0	0	0	0	1	0	1	0	1	0	0	0	0	0	0	0	0	0	0	0	0	0	0	0	0	0	0	1	0	0	0	0	0	0	0	190421	0	0	0	礼包奖励：  鉴定×9   鉴定保护×2 星耀水晶×9
神器碎片礼包5	190705	0	0	0	0	0	0	0	0	1	0	1	0	1	0	0	0	0	0	0	0	0	0	0	0	0	0	0	0	0	0	0	1	0	0	0	0	0	0	0	190421	0	0	0	礼包奖励：  鉴定×9   鉴定保护×2 星耀水晶×9
神器碎片礼包6	190706	0	0	0	0	0	0	0	0	1	0	1	0	1	0	0	0	0	0	0	0	0	0	0	0	0	0	0	0	0	0	0	1	0	0	0	0	0	0	0	190421	0	0	0	礼包奖励：  鉴定×9   鉴定保护×2 星耀水晶×9
神器碎片礼包7	190707	0	0	0	0	0	0	0	0	1	0	1	0	1	0	0	0	0	0	0	0	0	0	0	0	0	0	0	0	0	0	0	1	0	0	0	0	0	0	0	190421	0	0	0	礼包奖励：  鉴定×9   鉴定保护×2 星耀水晶×9
神器碎片礼包8	190708	0	0	0	0	0	0	0	0	1	0	1	0	1	0	0	0	0	0	0	0	0	0	0	0	0	0	0	0	0	0	0	1	0	0	0	0	0	0	0	190421	0	0	0	礼包奖励：  鉴定×9   鉴定保护×2 星耀水晶×9
神器碎片礼包9	190709	0	0	0	0	0	0	0	0	1	0	1	0	1	0	0	0	0	0	0	0	0	0	0	0	0	0	0	0	0	0	0	1	0	0	0	0	0	0	0	190421	0	0	0	礼包奖励：  鉴定×9   鉴定保护×2 星耀水晶×9
//药品																																													
一级血瓶	710101	0	3	10	0	0	0	0	0	99	1	1	2	1	0	0	0	0	0	0	0	0	0	0	0	0	0	1	0	0	0	0	1	0	0	0	0	1	0	0	710105	1	0	0	由基本的血液元素构成，使用它可以回复少部分生命
二级血瓶	710102	0	3	10	0	0	0	0	0	99	1	1	2	1	0	0	0	0	0	0	0	0	0	0	0	0	0	1	0	0	0	0	1	0	0	0	0	1	0	0	710105	1	0	0	由高等级的血液元素构成，使用它可以回复部分生命
三级血瓶	710103	0	3	10	0	0	0	0	0	99	1	1	2	1	0	0	0	0	0	0	0	0	0	0	0	0	0	1	0	0	0	0	1	0	0	0	0	1	0	0	710105	1	0	0	由神秘生命元素所构成，使用它可进一步回复生命
四级血瓶	710104	0	3	10	0	0	0	0	0	99	1	1	2	1	0	0	0	0	0	0	0	0	0	0	0	0	0	1	0	0	0	0	1	0	0	0	0	1	0	0	710105	1	0	0	由人类王者所祝福的生命元素，使用它可以回复大量生命
五级血瓶	710105	0	3	10	0	0	0	0	0	99	1	1	2	1	0	0	0	0	0	0	0	0	0	0	0	0	0	1	0	0	0	0	1	0	0	0	0	1	0	0	710105	1	0	0	传说中由诸神说制作的生命元素，使用它可以回复所有生命
一级蓝瓶	710201	0	3	10	0	0	0	0	0	99	1	1	2	1	0	0	0	0	0	0	0	0	0	0	0	0	0	1	0	0	0	0	1	0	0	0	0	1	0	0	710205	1	0	0	由基本的魔法元素构成，使用它可以回复少部分魔法
二级蓝瓶	710202	0	3	10	0	0	0	0	0	99	1	1	2	1	0	0	0	0	0	0	0	0	0	0	0	0	0	1	0	0	0	0	1	0	0	0	0	1	0	0	710205	1	0	0	由高等级的魔法元素构成，使用它可以回复部分魔法
三级蓝瓶	710203	0	3	10	0	0	0	0	0	99	1	1	2	1	0	0	0	0	0	0	0	0	0	0	0	0	0	1	0	0	0	0	1	0	0	0	0	1	0	0	710205	1	0	0	由神秘魔法元素所构成，使用它可进一步回复魔法
四级蓝瓶	710204	0	3	10	0	0	0	0	0	99	1	1	2	1	0	0	0	0	0	0	0	0	0	0	0	0	0	1	0	0	0	0	1	0	0	0	0	1	0	0	710205	1	0	0	由高阶魔法师所祝福的魔法元素，使用它可以回复大量魔法
五级蓝瓶	710205	0	3	10	0	0	0	0	0	99	1	1	2	1	0	0	0	0	0	0	0	0	0	0	0	0	0	1	0	0	0	0	1	0	0	0	0	1	0	0	710205	1	0	0	传说中由诸神说制作的魔法元素，使用它可以回复所有魔法
其他药品1	710301	0	3	10	0	0	0	0	0	99	1	1	2	1	0	0	0	0	0	0	0	0	0	0	0	0	0	1	0	0	0	0	1	0	0	0	0	1	0	0	190610	1	0	0	其他药品
其他药品2	710302	0	3	10	0	0	0	0	0	99	1	1	2	1	0	0	0	0	0	0	0	0	0	0	0	0	0	1	0	0	0	0	1	0	0	0	0	1	0	0	190610	1	0	0	其他药品
其他药品3	710303	0	3	10	0	0	0	0	0	99	1	1	2	1	0	0	0	0	0	0	0	0	0	0	0	0	0	1	0	0	0	0	1	0	0	0	0	1	0	0	190610	1	0	0	其他药品
其他药品4	710304	0	3	10	0	0	0	0	0	99	1	1	2	1	0	0	0	0	0	0	0	0	0	0	0	0	0	1	0	0	0	0	1	0	0	0	0	1	0	0	190610	1	0	0	其他药品
其他药品5	710305	0	3	10	0	0	0	0	0	99	1	1	2	1	0	0	0	0	0	0	0	0	0	0	0	0	0	1	0	0	0	0	1	0	0	0	0	1	0	0	190610	1	0	0	其他药品
测试加攻击	710306	0	3	10	0	0	0	0	0	99	1	1	2	1	0	0	0	0	0	0	0	0	0	0	0	0	0	1	0	0	0	0	1	0	0	0	0	1	0	0	190610	1	0	0	其他药品
玫瑰花	720101	0	3	10	0	0	0	0	0	99	1	1	2	1	0	0	0	0	0	0	0	0	0	0	0	0	0	1	0	0	0	0	0	0	0	0	0	1	0	0	900000	1	0	0	玫瑰花
奇遇	720102	0	3	10	0	0	0	0	0	99	1	1	2	1	0	0	0	0	0	0	0	0	0	0	0	0	0	1	0	0	0	0	0	0	0	0	0	1	0	0	900000	1	0	0	奇遇
殿堂凭证	720201	0	3	10	0	0	0	0	0	99	1	1	2	1	0	0	0	0	0	0	0	0	0	0	0	0	0	1	0	0	0	0	0	0	0	0	0	1	0	0	720201	1	0	0	进入荣誉殿堂的凭证
巨龙令	720202	0	3	10	0	0	0	0	0	99	1	1	2	1	0	0	0	0	0	0	0	0	0	0	0	0	0	1	0	0	0	0	0	0	0	0	0	1	0	0	720202	1	0	0	每次探险消耗一个道具
上帝血液	720203	0	3	10	0	0	0	0	0	99	1	1	2	1	0	0	0	0	0	0	0	0	0	0	0	0	0	1	0	0	0	0	0	0	0	0	0	1	0	0	720203	1	0	0	进入未知暗殿道具
金手指	720204	0	3	10	0	0	0	0	0	99	1	1	2	1	0	0	0	0	0	0	0	0	0	0	0	0	0	1	0	0	0	0	0	0	0	0	0	1	0	0	720204	1	0	0	可以翻开一张塔罗牌
信仰神格	720205	0	3	10	0	0	0	0	0	99	1	1	2	1	0	0	0	0	0	0	0	0	0	0	0	0	0	1	0	0	0	0	1	0	0	0	0	1	0	0	720205	1	0	0	使用后固定增加大量的信仰值
信仰之源	720206	0	3	10	0	0	0	0	0	99	1	1	2	1	0	0	0	0	0	0	0	0	0	0	0	0	0	1	0	0	0	0	1	0	0	0	0	1	0	0	910021	1	0	0	使用后固定增加一定量信仰值
血精华	720207	0	3	10	0	0	0	0	0	99	1	1	2	1	0	0	0	0	0	0	0	0	0	0	0	0	0	1	0	0	0	0	1	0	0	0	0	1	0	0	720207	1	0	0	每次消耗一定量的信仰值增加经验
元气球	720208	0	3	10	0	0	0	0	0	99	1	1	2	1	0	0	0	0	0	0	0	0	0	0	0	0	0	1	0	0	0	0	1	0	0	0	0	1	0	0	910021	1	0	0	使用后增加一定信仰
巨力元气	720209	0	3	10	0	0	0	0	0	99	1	1	2	1	0	0	0	0	0	0	0	0	0	0	0	0	0	1	0	0	0	0	1	0	0	0	0	1	0	0	910021	1	0	0	使用后增加大量信仰
南瓜糖	720210	0	3	10	0	0	0	0	0	99	1	1	2	1	0	0	0	0	0	0	0	0	0	0	0	0	0	1	0	0	0	0	1	0	0	0	0	1	0	0	910014	1	0	0	可以兑换经验和商城积分
初级怪物经验卡	720211	0	1	10	0	0	0	0	0	99	1	1	2	1	0	0	0	0	0	0	0	0	0	0	0	0	0	1	0	0	0	0	1	0	0	0	0	1	0	0	910011	1	0	0	每次消耗一定量的信仰值增加经验
中级怪物经验卡	720212	0	2	10	0	0	0	0	0	99	1	1	2	1	0	0	0	0	0	0	0	0	0	0	0	0	0	1	0	0	0	0	1	0	0	0	0	1	0	0	910011	1	0	0	每次消耗一定量的信仰值增加经验
高级怪物经验卡	720213	0	3	10	0	0	0	0	0	99	1	1	2	1	0	0	0	0	0	0	0	0	0	0	0	0	0	1	0	0	0	0	1	0	0	0	0	1	0	0	910012	1	0	0	每次消耗一定量的信仰值增加经验
超级怪物经验卡	720214	0	4	10	0	0	0	0	0	99	1	1	2	1	0	0	0	0	0	0	0	0	0	0	0	0	0	1	0	0	0	0	1	0	0	0	0	1	0	0	910013	1	0	0	每次消耗一定量的信仰值增加经验
初级BOSS经验卡	720215	0	1	10	0	0	0	0	0	99	1	1	2	1	0	0	0	0	0	0	0	0	0	0	0	0	0	1	0	0	0	0	1	0	0	0	0	1	0	0	910011	1	0	0	使用后可以获得经验奖励
中级BOSS经验卡	720216	0	2	10	0	0	0	0	0	99	1	1	2	1	0	0	0	0	0	0	0	0	0	0	0	0	0	1	0	0	0	0	1	0	0	0	0	1	0	0	910011	1	0	0	使用后可以获得经验奖励
高级BOSS经验卡	720217	0	3	10	0	0	0	0	0	99	1	1	2	1	0	0	0	0	0	0	0	0	0	0	0	0	0	1	0	0	0	0	1	0	0	0	0	1	0	0	910012	1	0	0	使用后可以获得经验奖励
超级BOSS经验卡	720218	0	4	10	0	0	0	0	0	99	1	1	2	1	0	0	0	0	0	0	0	0	0	0	0	0	0	1	0	0	0	0	1	0	0	0	0	1	0	0	910013	1	0	0	使用后可以获得经验奖励
初级南瓜糖	720241	0	1	10	0	0	0	0	0	99	1	1	2	1	0	0	0	0	0	0	0	0	0	0	0	0	0	1	0	0	0	0	1	0	0	0	0	1	0	0	910014	1	0	0	使用后可以获得经验奖励
中级南瓜糖	720242	0	2	10	0	0	0	0	0	99	1	1	2	1	0	0	0	0	0	0	0	0	0	0	0	0	0	1	0	0	0	0	1	0	0	0	0	1	0	0	910014	1	0	0	使用后可以获得经验奖励
高级南瓜糖	720243	0	3	10	0	0	0	0	0	99	1	1	2	1	0	0	0	0	0	0	0	0	0	0	0	0	0	1	0	0	0	0	1	0	0	0	0	1	0	0	910014	1	0	0	使用后可以获得经验奖励
超级南瓜糖	720244	0	4	10	0	0	0	0	0	99	1	1	2	1	0	0	0	0	0	0	0	0	0	0	0	0	0	1	0	0	0	0	1	0	0	0	0	1	0	0	910014	1	0	0	使用后可以获得经验奖励
小额银币卡	720271	0	1	10	0	0	0	0	0	99	1	1	2	1	0	0	0	0	0	0	0	0	0	0	0	0	0	0	0	0	0	0	1	0	0	0	0	1	0	0	910031	1	1	0	增加少量银币
大额银币卡	720272	0	2	10	0	0	0	0	0	99	1	1	2	1	0	0	0	0	0	0	0	0	0	0	0	0	0	0	0	0	0	0	1	0	0	0	0	1	0	0	910032	1	1	0	增加很多银币
巨额银币卡	720273	0	3	10	0	0	0	0	0	99	1	1	2	1	0	0	0	0	0	0	0	0	0	0	0	0	0	0	0	0	0	0	1	0	0	0	0	1	0	0	910033	1	1	0	增加海量银币
初级经验卡	720274	0	1	10	0	0	0	0	0	99	1	1	2	1	0	0	0	0	0	0	0	0	0	0	0	0	0	0	0	0	0	0	1	0	0	0	0	0	0	0	910011	0	0	0	增加少量经验值
中级经验卡	720275	0	2	10	0	0	0	0	0	99	1	1	2	1	0	0	0	0	0	0	0	0	0	0	0	0	0	0	0	0	0	0	1	0	0	0	0	0	0	0	910012	0	0	0	增加很多经验值
高级经验卡	720276	0	3	10	0	0	0	0	0	99	1	1	2	1	0	0	0	0	0	0	0	0	0	0	0	0	0	0	0	0	0	0	1	0	0	0	0	0	0	0	910013	0	0	0	增加海量经验值
银币卡	730101	0	1	10	0	0	0	0	0	99	1	1	2	1	0	0	0	0	0	0	0	0	0	0	0	0	0	0	0	0	0	0	1	0	0	0	0	1	0	0	910031	1	1	0	增加少量银币
信仰卡	730102	0	2	10	0	0	0	0	0	99	1	1	2	1	0	0	0	0	0	0	0	0	0	0	0	0	0	0	0	0	0	0	1	0	0	0	0	1	0	0	910021	1	1	0	增加少量信仰之力
银币卡	730103	0	1	10	0	0	0	0	0	99	1	1	2	1	0	0	0	0	0	0	0	0	0	0	0	0	0	0	0	0	0	0	1	0	0	0	0	1	0	0	910031	1	1	0	增加少量银币
信仰卡	730104	0	2	10	0	0	0	0	0	99	1	1	2	1	0	0	0	0	0	0	0	0	0	0	0	0	0	0	0	0	0	0	1	0	0	0	0	1	0	0	910021	1	1	0	增加少量信仰之力
荣耀点	730105	0	2	23	0	0	0	0	0	999	1	1	2	20000	0	0	0	0	0	0	0	0	0	0	0	0	0	1	0	0	0	0	1	0	0	0	0	1	0	0	190700	1	1	0	使用后增加荣耀点
银币卡	730106	0	1	10	0	0	0	0	0	99	1	1	2	1	0	0	0	0	0	0	0	0	0	0	0	0	0	0	0	0	0	0	1	0	0	0	0	1	0	0	910031	1	1	0	增加少量银币
信仰卡	730107	0	2	10	0	0	0	0	0	99	1	1	2	1	0	0	0	0	0	0	0	0	0	0	0	0	0	0	0	0	0	0	1	0	0	0	0	1	0	0	910021	1	1	0	增加少量信仰之力
//银币掉落表现用	0	0	0	0	0	0	0	0	0	0	0	0	0	0	0	0	0	0	0	0	0	0	0	0	0	0	0	0	0	0	0	0	0	0	0	0	0	0	0	0	0	0	0	0	0
银币掉落	999888	0	2	10	0	0	0	0	0	999	1	1	0	998	0	0	0	0	0	0	0	0	0	0	0	0	0	1	0	0	0	0	0	0	0	0	0	1	0	0	999888	1	1	0	有了它虽不是万能的，但是没有它却是万万不能
钻石掉落	999887	0	2	10	0	0	0	0	0	999	1	1	0	998	0	0	0	0	0	0	0	0	0	0	0	0	0	1	0	0	0	0	0	0	0	0	0	1	0	0	999887	1	1	0	有了它虽不是万能的，但是没有它却是万万不能
经验掉落	999886	0	2	10	0	0	0	0	0	999	1	1	0	998	0	0	0	0	0	0	0	0	0	0	0	0	0	1	0	0	0	0	0	0	0	0	0	1	0	0	810101	1	1	0	有了它虽不是万能的，但是没有它却是万万不能
戮神归元	211001	0	2	15	0	0	0	0	0	99	1	1	0	998	0	0	0	0	0	0	0	0	0	0	0	0	0	1	0	0	0	0	0	0	0	0	0	1	0	0	900000	1	0	0	技能测试用
银币29W	999998	0	2	10	0	0	0	0	0	1	0	1	0	1	0	0	0	0	0	0	0	0	0	0	0	0	0	0	0	0	0	0	1	0	0	0	0	0	0	0	190421	0	0	0	钻石礼包用
信仰之力1.5K	999997	0	2	10	0	0	0	0	0	1	0	1	0	1	0	0	0	0	0	0	0	0	0	0	0	0	0	0	0	0	0	0	1	0	0	0	0	0	0	0	999997	0	0	0	钻石礼包用
//每日奖励登陆奖励	0	0	0	0	0	0	0	0	0	0	0	0	0	0	0	0	0	0	0	0	0	0	0	0	0	0	0	0	0	0	0	0	0	0	0	0	0	0	0	0	0	0	0	0	0
1000银币礼包	810101	0	2	10	0	0	0	0	0	1	1	1	2	1	0	0	0	0	0	0	0	0	0	0	0	0	0	1	0	0	0	0	1	0	0	0	0	1	0	0	999888	1	1	0	小额银币礼包，使用后增加1000银币
5000银币礼包	810102	0	2	10	0	0	0	0	0	1	1	1	2	1	0	0	0	0	0	0	0	0	0	0	0	0	0	1	0	0	0	0	1	0	0	0	0	1	0	0	999888	1	1	0	小额银币礼包，使用后增加5000银币
10000银币礼包	810103	0	2	10	0	0	0	0	0	1	1	1	2	1	0	0	0	0	0	0	0	0	0	0	0	0	0	1	0	0	0	0	1	0	0	0	0	1	0	0	999888	1	1	0	使用后增加10000银币
15000银币礼包	810104	0	2	10	0	0	0	0	0	1	1	1	2	1	0	0	0	0	0	0	0	0	0	0	0	0	0	1	0	0	0	0	1	0	0	0	0	1	0	0	999888	1	1	0	使用后增加15000银币
20000银币礼包	810105	0	2	10	0	0	0	0	0	1	1	1	2	1	0	0	0	0	0	0	0	0	0	0	0	0	0	1	0	0	0	0	1	0	0	0	0	1	0	0	999888	1	1	0	使用后增加20000银币
25000银币礼包	810106	0	2	10	0	0	0	0	0	1	1	1	2	1	0	0	0	0	0	0	0	0	0	0	0	0	0	1	0	0	0	0	1	0	0	0	0	1	0	0	999888	1	1	0	使用后增加25000银币
30000银币礼包礼包	810107	0	2	10	0	0	0	0	0	1	1	1	2	1	0	0	0	0	0	0	0	0	0	0	0	0	0	1	0	0	0	0	1	0	0	0	0	1	0	0	999888	1	1	0	使用后增加30000银币
35000银币礼包	810108	0	2	10	0	0	0	0	0	1	1	1	2	1	0	0	0	0	0	0	0	0	0	0	0	0	0	1	0	0	0	0	1	0	0	0	0	1	0	0	999888	1	1	0	使用后增加35000银币
40000银币礼包	810109	0	2	10	0	0	0	0	0	1	1	1	2	1	0	0	0	0	0	0	0	0	0	0	0	0	0	1	0	0	0	0	1	0	0	0	0	1	0	0	999888	1	1	0	使用后增加40000银币
45000银币礼包	810110	0	2	10	0	0	0	0	0	1	1	1	2	1	0	0	0	0	0	0	0	0	0	0	0	0	0	1	0	0	0	0	1	0	0	0	0	1	0	0	999888	1	1	0	使用后增加45000银币
50000银币礼包	810111	0	2	10	0	0	0	0	0	1	1	1	2	1	0	0	0	0	0	0	0	0	0	0	0	0	0	1	0	0	0	0	1	0	0	0	0	1	0	0	999888	1	1	0	使用后增加50000银币
55000银币礼包	810112	0	2	10	0	0	0	0	0	1	1	1	2	1	0	0	0	0	0	0	0	0	0	0	0	0	0	1	0	0	0	0	1	0	0	0	0	1	0	0	999888	1	1	0	使用后增加55000银币
5点信仰之力礼包	810113	0	2	10	0	0	0	0	0	1	1	1	2	1	0	0	0	0	0	0	0	0	0	0	0	0	0	0	0	0	0	0	1	0	0	0	0	0	0	0	999997	0	0	0	使用后增加信仰之力5点
5点信仰之力礼包	810114	0	2	10	0	0	0	0	0	1	1	1	2	1	0	0	0	0	0	0	0	0	0	0	0	0	0	0	0	0	0	0	1	0	0	0	0	0	0	0	999997	0	0	0	使用后增加信仰之力5点
5点信仰之力礼包	810115	0	2	10	0	0	0	0	0	1	1	1	2	1	0	0	0	0	0	0	0	0	0	0	0	0	0	0	0	0	0	0	1	0	0	0	0	0	0	0	999997	0	0	0	使用后增加信仰之力5点
10点信仰之力礼包	810116	0	2	10	0	0	0	0	0	1	1	1	2	1	0	0	0	0	0	0	0	0	0	0	0	0	0	0	0	0	0	0	1	0	0	0	0	0	0	0	999997	0	0	0	使用后增加信仰之力10点
10点信仰之力礼包	810117	0	2	10	0	0	0	0	0	1	1	1	2	1	0	0	0	0	0	0	0	0	0	0	0	0	0	0	0	0	0	0	1	0	0	0	0	0	0	0	999997	0	0	0	使用后增加信仰之力10点
10点信仰之力礼包	810118	0	2	10	0	0	0	0	0	1	1	1	2	1	0	0	0	0	0	0	0	0	0	0	0	0	0	0	0	0	0	0	1	0	0	0	0	0	0	0	999997	0	0	0	使用后增加信仰之力10点
10点信仰之力礼包	810119	0	2	10	0	0	0	0	0	1	1	1	2	1	0	0	0	0	0	0	0	0	0	0	0	0	0	0	0	0	0	0	1	0	0	0	0	0	0	0	999997	0	0	0	使用后增加信仰之力10点
10点信仰之力礼包	810120	0	2	10	0	0	0	0	0	1	1	1	2	1	0	0	0	0	0	0	0	0	0	0	0	0	0	0	0	0	0	0	1	0	0	0	0	0	0	0	999997	0	0	0	使用后增加信仰之力10点
20点信仰之力礼包	810121	0	2	10	0	0	0	0	0	1	1	1	2	1	0	0	0	0	0	0	0	0	0	0	0	0	0	0	0	0	0	0	1	0	0	0	0	0	0	0	999997	0	0	0	使用后增加信仰之力20点
20点信仰之力礼包	810122	0	2	10	0	0	0	0	0	1	1	1	2	1	0	0	0	0	0	0	0	0	0	0	0	0	0	0	0	0	0	0	1	0	0	0	0	0	0	0	999997	0	0	0	使用后增加信仰之力20点
20点信仰之力礼包	810123	0	2	10	0	0	0	0	0	1	1	1	2	1	0	0	0	0	0	0	0	0	0	0	0	0	0	0	0	0	0	0	1	0	0	0	0	0	0	0	999997	0	0	0	使用后增加信仰之力20点
20点信仰之力礼包	810124	0	2	10	0	0	0	0	0	1	1	1	2	1	0	0	0	0	0	0	0	0	0	0	0	0	0	0	0	0	0	0	1	0	0	0	0	0	0	0	999997	0	0	0	使用后增加信仰之力20点
5钻石礼包	810125	0	2	10	0	0	0	0	0	1	1	1	1	1	0	0	0	0	0	0	0	0	0	0	0	0	0	1	0	0	0	0	1	0	0	0	0	1	0	0	999887	1	1	0	使用后增加5钻石
10钻石礼包	810126	0	2	10	0	0	0	0	0	1	1	1	1	1	0	0	0	0	0	0	0	0	0	0	0	0	0	1	0	0	0	0	1	0	0	0	0	1	0	0	999887	1	1	0	使用后增加10钻石
15钻石礼包	810127	0	2	10	0	0	0	0	0	1	1	1	1	1	0	0	0	0	0	0	0	0	0	0	0	0	0	1	0	0	0	0	1	0	0	0	0	1	0	0	999887	1	1	0	使用后增加15钻石
20钻石礼包	810128	0	2	10	0	0	0	0	0	1	1	1	1	1	0	0	0	0	0	0	0	0	0	0	0	0	0	1	0	0	0	0	1	0	0	0	0	1	0	0	999887	1	1	0	使用后增加20钻石
25钻石礼包	810129	0	2	10	0	0	0	0	0	1	1	1	1	1	0	0	0	0	0	0	0	0	0	0	0	0	0	1	0	0	0	0	1	0	0	0	0	1	0	0	999887	1	1	0	使用后增加25钻石
30钻石礼包	810130	0	2	10	0	0	0	0	0	1	1	1	1	1	0	0	0	0	0	0	0	0	0	0	0	0	0	1	0	0	0	0	1	0	0	0	0	1	0	0	999887	1	1	0	使用后增加30钻石
//宝箱	0	0	0	0	0	0	0	0	0	0	0	0	0	0	0	0	0	0	0	0	0	0	0	0	0	0	0	0	0	0	0	0	0	0	0	0	0	0	0	0	0	0	0	0	0
徽章宝箱	890001	0	3	10	0	0	0	0	0	99	1	1	2	1	0	0	0	0	0	0	0	0	0	0	0	0	0	1	0	0	0	0	1	0	0	0	0	1	0	0	190423	1	0	0	随机获得一个徽章
材料宝箱	890002	0	3	10	0	0	0	0	0	99	1	1	2	1	0	0	0	0	0	0	0	0	0	0	0	0	0	1	0	0	0	0	1	0	0	0	0	1	0	0	190424	1	0	0	随机获得一种材料
//经验卡信仰卡银币卡	0	0	0	0	0	0	0	0	0	0	0	0	0	0	0	0	0	0	0	0	0	0	0	0	0	0	0	0	0	0	0	0	0	0	0	0	0	0	0	0	0	0	0	0	0
初级经验卡	910011	0	2	10	0	0	0	0	0	99	1	1	2	1	0	0	0	0	0	0	0	0	0	0	0	0	0	0	0	0	0	0	1	0	0	0	0	0	0	0	910011	0	0	0	增加少量经验值
中级经验卡	910012	0	2	10	0	0	0	0	0	99	1	1	2	1	0	0	0	0	0	0	0	0	0	0	0	0	0	0	0	0	0	0	1	0	0	0	0	0	0	0	910012	0	0	0	增加很多经验值
高级经验卡	910013	0	2	10	0	0	0	0	0	99	1	1	2	1	0	0	0	0	0	0	0	0	0	0	0	0	0	0	0	0	0	0	1	0	0	0	0	0	0	0	910013	0	0	0	增加海量经验值
南瓜糖果1	910014	0	2	10	0	0	0	0	0	99	1	1	2	1	0	0	0	0	0	0	0	0	0	0	0	0	0	0	0	0	0	0	1	0	0	0	0	0	0	0	910014	0	0	0	增加少量经验值
南瓜糖果2	910015	0	2	10	0	0	0	0	0	99	1	1	2	1	0	0	0	0	0	0	0	0	0	0	0	0	0	0	0	0	0	0	1	0	0	0	0	0	0	0	910014	0	0	0	增加少量经验值
南瓜糖果3	910016	0	2	10	0	0	0	0	0	99	1	1	2	1	0	0	0	0	0	0	0	0	0	0	0	0	0	0	0	0	0	0	1	0	0	0	0	0	0	0	910014	0	0	0	增加少量经验值
南瓜糖果4	910017	0	2	10	0	0	0	0	0	99	1	1	2	1	0	0	0	0	0	0	0	0	0	0	0	0	0	0	0	0	0	0	1	0	0	0	0	0	0	0	910014	0	0	0	增加很多经验值
南瓜糖果5	910018	0	2	10	0	0	0	0	0	99	1	1	2	1	0	0	0	0	0	0	0	0	0	0	0	0	0	0	0	0	0	0	1	0	0	0	0	0	0	0	910018	0	0	0	增加海量经验值
初级信仰卡	910021	0	2	10	0	0	0	0	0	99	1	1	2	1	0	0	0	0	0	0	0	0	0	0	0	0	0	0	0	0	0	0	1	0	0	0	0	1	0	0	910021	1	1	0	增加少量信仰之力
中级信仰卡	910022	0	2	10	0	0	0	0	0	99	1	1	2	1	0	0	0	0	0	0	0	0	0	0	0	0	0	0	0	0	0	0	1	0	0	0	0	1	0	0	910022	1	1	0	增加很多信仰之力
高级信仰卡	910023	0	2	10	0	0	0	0	0	99	1	1	2	1	0	0	0	0	0	0	0	0	0	0	0	0	0	0	0	0	0	0	1	0	0	0	0	1	0	0	910023	1	1	0	增加海量信仰之力
初级银币卡	910031	0	2	10	0	0	0	0	0	99	1	1	2	1	0	0	0	0	0	0	0	0	0	0	0	0	0	0	0	0	0	0	1	0	0	0	0	1	0	0	910031	1	1	0	增加少量银币
中级银币卡	910032	0	2	10	0	0	0	0	0	99	1	1	2	1	0	0	0	0	0	0	0	0	0	0	0	0	0	0	0	0	0	0	1	0	0	0	0	1	0	0	910032	1	1	0	增加很多银币
高级银币卡	910033	0	2	10	0	0	0	0	0	99	1	1	2	1	0	0	0	0	0	0	0	0	0	0	0	0	0	0	0	0	0	0	1	0	0	0	0	1	0	0	910033	1	1	0	增加海量银币
//写死的道具，不可变动。	0	0	0	0	0	0	0	0	0	0	0	0	0	0	0	0	0	0	0	0	0	0	0	0	0	0	0	0	0	0	0	0	0	0	0	0	0	0	0	0	0	0	0	0	0
小喇叭	8001001	0	2	10	0	0	0	0	0	999	1	1	2	1	0	0	0	0	0	0	0	0	0	0	0	0	0	1	0	0	0	0	0	0	0	0	0	1	0	0	8001001	1	1	0	小喇叭，用于世界频道喊话，每次喊话消耗一个道具！
新手礼包1	9000001	0	2	90	0	0	0	0	0	1	1	1	2	1	0	0	0	0	0	0	0	0	0	0	0	0	0	1	0	0	0	0	1	0	0	0	0	1	0	0	190421	1	1	0	新手礼包
新手礼包2	9000002	0	2	90	0	0	0	0	0	1	1	1	2	1	0	0	0	0	0	0	0	0	0	0	0	0	0	1	0	0	0	0	1	0	0	0	0	1	0	0	190421	1	1	0	新手礼包
新手礼包3	9000003	0	2	90	0	0	0	0	0	1	1	1	2	1	0	0	0	0	0	0	0	0	0	0	0	0	0	1	0	0	0	0	1	0	0	0	0	1	0	0	190421	1	1	0	新手礼包
新手礼包4	9000004	0	2	90	0	0	0	0	0	1	1	1	2	1	0	0	0	0	0	0	0	0	0	0	0	0	0	1	0	0	0	0	1	0	0	0	0	1	0	0	190421	1	1	0	新手礼包
新手礼包5	9000005	0	2	90	0	0	0	0	0	1	1	1	2	1	0	0	0	0	0	0	0	0	0	0	0	0	0	1	0	0	0	0	1	0	0	0	0	1	0	0	190421	1	1	0	新手礼包
新手礼包6	9000006	0	2	90	0	0	0	0	0	1	1	1	2	1	0	0	0	0	0	0	0	0	0	0	0	0	0	1	0	0	0	0	1	0	0	0	0	1	0	0	190421	1	1	0	新手礼包
新手礼包7	9000007	0	2	90	0	0	0	0	0	1	1	1	2	1	0	0	0	0	0	0	0	0	0	0	0	0	0	1	0	0	0	0	1	0	0	0	0	1	0	0	190421	1	1	0	新手礼包
//宠物道具																																													
小狐狸	9100201	0	2	10	0	0	0	0	0	999	1	1	2	1	0	0	0	0	0	0	0	0	0	0	0	0	0	1	0	0	0	0	1	0	0	0	0	1	0	0	205	1	1	0	曾今的狐狸勇士，经验很可观
稻草人	9100202	0	2	10	0	0	0	0	0	999	1	1	2	1	0	0	0	0	0	0	0	0	0	0	0	0	0	1	0	0	0	0	1	0	0	0	0	1	0	0	303	1	1	0	曾今的稻草人勇士，经验很可观
大剑士兵	9100203	0	2	10	0	0	0	0	0	999	1	1	2	1	0	0	0	0	0	0	0	0	0	0	0	0	0	1	0	0	0	0	1	0	0	0	0	1	0	0	900000	1	1	0	英雄
火鼠	9100204	0	2	10	0	0	0	0	0	999	1	1	2	1	0	0	0	0	0	0	0	0	0	0	0	0	0	1	0	0	0	0	1	0	0	0	0	1	0	0	900000	1	1	0	英雄
火狐	9100205	0	2	10	0	0	0	0	0	999	1	1	2	1	0	0	0	0	0	0	0	0	0	0	0	0	0	1	0	0	0	0	1	0	0	0	0	1	0	0	900000	1	1	0	英雄
散兵游勇	9100206	0	2	10	0	0	0	0	0	999	1	1	2	1	0	0	0	0	0	0	0	0	0	0	0	0	0	1	0	0	0	0	1	0	0	0	0	1	0	0	900000	1	1	0	英雄
雷锤勇士	9100207	0	2	10	0	0	0	0	0	999	1	1	2	1	0	0	0	0	0	0	0	0	0	0	0	0	0	1	0	0	0	0	1	0	0	0	0	1	0	0	900000	1	1	0	英雄
巨斧人	9100208	0	2	10	0	0	0	0	0	999	1	1	2	1	0	0	0	0	0	0	0	0	0	0	0	0	0	1	0	0	0	0	1	0	0	0	0	1	0	0	900000	1	1	0	英雄
